File	Type	Individual	x1	y1	x2	y2	x3	y3	x4	y4	x5	y5	x6	y6	x7	y7	x8	y8	x9	y9	x10	y10	x11	y11	x12	y12	x13	y13	x14	y14	x15	y15	x16	y16	x17	y17	x18	y18	x19	y19	x20	y20	x21	y21	x22	y22	x23	y23	x24	y24
c_1.txt	Gilia capitata	1	14.5208	14.6458	15.3837	13.3698	8.9392	13.4531	6.467	11.9392	9.1337	10.2865	12.9948	10.6753	10.8837	8.0295	10.4809	4.3212	13.842	5.974	15.5781	8.8351	15.0365	5.5712	16.1476	2.1962	18.0503	5.1684	18.3003	8.4323	18.8698	5.6545	21.5087	2.8351	22.0087	6.4045	20.7726	9.7517	23.4531	7.5712	26.8837	6.8906	25.3837	10.0434	22.4913	11.8524	19.6441	12.8872	19.7969	15.9566
c_4.txt	Gilia capitata	4	16.8438	14.5729	16.7135	12.0052	23.8281	9.9323	25.6823	7.2865	22.1927	7.0469	19.224	8.7135	21.6302	6.151	21.7135	2.8906	19.1094	4.4219	17.0365	7.4219	17.7031	3.974	16.3698	0.7344	14.4323	3.6094	14.2135	7.349	13.1719	3.2344	10.8177	1.151	10.0885	4.2448	11.401	7.7344	8.7552	4.9115	5.6927	3.9635	6.3594	7.276	9.2552	9.5573	12.3594	11.151	11.224	13.4115
c_7.txt	Gilia capitata	7	17.1354	15.0833	16.6927	11.5365	24.0573	9.3385	25.526	6.5052	22.1094	6.6094	18.8073	8.6406	20.3073	5.6406	20.099	2.0469	17.3385	4.3698	15.9427	7.8906	15.8385	4.0781	14.2448	1.0365	12.776	4.2448	12.9844	8.026	10.8281	4.4844	8.1094	2.4844	8.2969	6.0469	10.2969	9.2552	7.3698	7.8906	3.3385	7.6198	6.2448	10.5052	8.7969	11.5469	12.7135	12.151	11.651	14.7448
c_8.txt	Gilia capitata	8	16.0104	17.9479	15.8177	14.6615	22.1094	11.3281	23.9531	8.7552	20.6406	8.8802	17.8594	10.6719	19.3594	7.3698	19.224	4.4323	16.7135	6.2969	15.4427	9.6302	14.5573	6.1198	12.3385	4.0677	11.8385	7.026	13.026	10.224	11.099	7.8073	8.1823	6.6302	8.7344	9.6615	11.0885	12.2552	7.8073	11.3385	4.3906	12.1719	7.2344	14.4635	10.276	15.0156	12.0885	14.9531	11.3177	16.6615
c_9.txt	Gilia capitata	9	10.7708	15.2604	12.599	12.3385	6.7552	7.2135	5.9844	4.0365	8.8073	5.6094	11.2969	8.6719	10.3906	5.0781	11.2448	1.8177	13.1406	4.5052	13.7344	8.0677	14.4115	4.5573	16.3698	1.6719	17.3177	5.026	16.4844	8.3385	19.2344	5.6719	22.1302	4.7448	21.2448	7.5885	18.7135	9.9844	21.724	8.9219	24.7656	9.276	22.526	11.4948	19.2135	12.3906	15.6406	12.776	16.2448	15.7552
c_10.txt	Gilia capitata	10	12.8438	14.8021	14.9115	12.8698	8.6302	13.3281	5.8594	12.1823	8.3594	10.6094	11.599	10.8281	9.1302	8.7031	8.2552	5.5677	11.3073	6.5677	13.5365	9.026	12.8177	5.7969	14.0677	2.8385	15.651	5.401	16.0156	9.1302	16.0052	5.526	17.526	3.0677	18.6406	5.7344	18.151	9.4323	19.3385	6.2969	21.8385	4.3281	21.9844	7.5365	20.4115	10.2552	18.1406	12.849	18.0781	16.2448
c_11.txt	Gilia capitata	11	12.9792	15.1667	13.3594	11.6927	7.401	11.6406	4.8177	10.3385	7.7448	9.3385	10.776	9.974	8.2135	7.974	7.2969	4.8073	10.3385	6.1302	12.6198	8.6823	11.0365	5.9219	11.1823	3.0365	13.3281	4.9531	14.5365	8.1823	14.1094	4.6927	15.2135	2.099	16.724	4.5469	16.724	8.0052	18.0365	4.8906	20.2552	2.724	20.5052	5.9323	18.9635	8.5469	16.599	11.2865	17.8698	14.0469
c_12.txt	Gilia capitata	12	15.3125	17.3333	14.4115	14.151	22.0781	15.2448	24.9219	13.5156	21.9323	12.2135	18.724	12.401	21.6823	10.2969	23.099	7.6094	20.0885	7.9948	16.7656	10.1302	18.151	6.9219	18.1719	3.6302	15.6615	5.6094	13.8906	9.0052	13.5573	5.5781	11.8177	2.3594	10.3385	5.9531	10.7344	9.4531	8.4844	6.2344	5.9531	4.1823	6.0677	7.6927	8.0781	10.6198	11.7865	13.5573	9.9427	16.2969
c_13.txt	Gilia capitata	13	15.6354	16.5208	15.276	13.1615	21.3142	11.6962	23.5087	9.224	20.3003	8.7795	16.9115	10.3212	19.3281	7.5295	20.1059	4.5017	17.2865	6.0573	15.2309	9.0156	16.592	5.8628	16.3142	2.5156	13.7726	5.099	13.1753	8.349	12.1476	4.6684	9.7031	2.4601	9.3559	5.6406	10.842	9.2899	8.1337	6.9566	5.0087	6.4149	6.4253	9.151	9.5781	11.2483	11.7726	12.3733	10.3698	15.5608
c_14.txt	Gilia capitata	14	18.4583	15.6875	17.0156	12.901	22.8594	9.2135	23.776	6.901	21.2031	7.4115	18.1927	9.776	19.4427	6.9844	19.6823	3.6406	17.1198	5.849	15.8698	8.599	15.2031	5.4635	13.401	2.8281	12.776	6.099	13.4219	9.224	11.1406	6.7969	7.8594	5.9531	9.151	9.0052	11.5781	11.2552	8.526	10.3802	5.2552	11.1615	8.099	13.2448	11.026	13.8698	13.6094	13.6302	13.3073	16.7344
c_15.txt	Gilia capitata	15	12.8438	15.5938	13.7448	12.4844	6.9219	11.2969	4.651	8.9844	7.8385	8.4531	11.651	9.7552	9.7969	6.3698	9.7031	3.151	12.2656	5.2552	13.776	8.1823	13.6927	5.1927	15.151	1.9635	16.526	5.1302	16.4635	8.901	17.9948	5.4219	20.2969	3.5365	20.2656	6.5052	18.2969	10.1406	21.1823	7.9948	24.8177	7.2135	22.776	10.3906	19.9219	11.9323	16.8281	12.7448	17.7656	15.724
c_16.txt	Gilia capitata	16	12.9479	15.2812	12.651	11.5156	5.9531	8.8698	4.4427	6.349	7.474	6.8073	10.9531	9.0885	9.099	5.4844	9.1823	2.5156	11.4531	4.3906	12.9844	7.5677	12.599	4.5156	13.4948	1.401	15.2969	4.0885	15.5156	7.0677	16.5365	3.9948	18.6927	1.6927	19.0365	4.8385	17.776	8.2135	20.724	6.8281	24.3177	6.9427	21.7552	9.5469	19.0781	10.6094	16.1094	11.2552	18.0781	13.349
c_18.txt	Gilia capitata	18	13.8021	16.4375	14.7344	12.7031	8.1719	10.6927	5.9219	8.4115	9.1823	8.2552	12.8594	10.1302	10.7865	7.1198	10.0885	3.8594	12.724	5.7969	14.7969	9.0365	14.1198	5.1094	15.3802	1.9323	16.8073	4.7135	16.9948	8.8281	18.5156	5.2656	20.9427	3.0156	20.8385	6.1719	19.099	9.7656	22.5052	7.599	25.8281	7.3281	23.8906	10.224	20.6823	11.9219	18.1406	12.6406	19.0365	16.401
c_20.txt	Gilia capitata	20	11.7604	18.7917	12.8385	14.3385	5.9635	12.7135	3.6406	10.7552	6.5573	10.3177	10.2865	11.276	8.6198	8.4635	7.8906	5.0677	10.7865	7.0677	12.7344	9.9531	12.1094	6.4948	12.6302	3.8073	14.276	6.1094	14.9948	9.2865	15.6615	5.724	17.1719	2.8385	18.2031	6.0156	17.7344	9.9427	20.349	7.1406	23.0365	5.7448	22.2969	8.6302	19.599	11.5781	16.7135	13.776	17.599	18.6719
c_21.txt	Gilia capitata	21	13.1875	16.0833	13.5156	12.4323	7.5781	11.6302	5.0573	10.2344	7.9219	9.1927	11.1615	9.7969	8.974	7.1302	8.099	4.5052	10.7552	5.5365	13.0365	7.8385	12.1823	5.0677	12.776	2.1719	14.526	4.5156	15.4115	7.5781	16.1094	4.7448	17.9844	2.4323	18.4323	5.276	17.599	8.4948	19.8385	6.3698	22.776	5.1823	21.6719	8.0677	19.3802	10.2448	16.5677	11.8802	17.9531	15.224
c_22.txt	Gilia capitata	22	12.7812	17.0521	13.2969	13.1615	8.0052	11.8594	6.2656	9.6823	8.9948	9.3802	12.151	10.7135	9.9219	7.7969	9.4219	5.276	11.9531	6.3906	14.0365	8.901	13.4948	5.8906	14.3802	3.474	15.9219	5.6823	16.3594	8.8177	17.8177	5.7969	20.349	4.0156	20.1615	6.8802	18.8802	9.5781	21.8073	7.9948	24.3906	7.7656	23.0885	9.8594	19.7448	11.9115	16.6719	13.2969	17.2135	17.3802
c_23.txt	Gilia capitata	23	18.9896	14.6771	17.7344	11.7865	23.724	10.0885	25.3906	8.0469	22.8385	7.8802	19.6719	9.0885	22.1302	6.4844	22.599	4.026	20.224	4.9635	17.7135	7.4115	17.5885	4.4323	16.3385	1.9635	15.1927	4.401	15.1719	7.7135	13.6198	4.5781	11.4844	2.8698	11.5052	5.5781	12.8906	8.6198	10.2656	6.8385	7.474	6.3698	8.6927	8.8073	11.3906	10.6406	14.2656	11.8073	13.3698	14.776
c_25.txt	Gilia capitata	25	19.3542	11.7083	17.9219	9.901	21.5469	7.6198	22.3385	5.5156	20.2865	5.9323	18.2969	7.9323	19.1719	5.4635	18.7656	3.4948	17.4635	5.0052	16.7344	7.4427	16.4115	5.0156	15.1198	3.2448	14.4427	5.3073	15.151	7.9427	13.6927	5.5885	11.849	4.5365	12.099	6.6302	13.8698	8.7969	11.2656	7.6927	8.9323	8.0156	10.5052	9.6823	13.3177	10.5052	14.5469	10.776	14.2135	12.724
c_26.txt	Gilia capitata	26	18.1562	16.0729	17.1823	13.224	24.099	10.4948	25.849	7.599	22.5885	7.6927	18.6719	10.0781	20.3281	6.0573	20.0052	2.7865	17.7031	5.1615	16.0677	9.5677	15.4323	5.1927	13.5469	2.2135	12.401	5.7031	13.4427	9.6823	11.026	6.3177	7.8073	4.4531	8.7031	8.0365	11.2135	10.9531	7.5573	9.3385	3.9427	9.526	6.7135	12.3281	9.7344	13.3802	13.3802	13.5365	12.6823	16.526
c_27.txt	Gilia capitata	27	20.5833	14.875	19.2135	11.3385	23.224	5.5469	23.7656	2.974	21.276	4.2552	19.3281	7.2969	19.276	3.276	18.3385	1.1406	16.8385	3.2969	17.0781	7.2344	15.5156	3.849	13.474	2.2552	13.401	4.9219	14.7344	8.0885	11.7344	6.2865	9.0365	6.151	10.2448	8.3802	13.5156	10.349	9.8385	10.2865	7.3906	11.6406	9.9115	12.8385	13.5573	12.7865	16.0677	12.6615	16.3698	15.7552
c_28.txt	Gilia capitata	28	14.7188	16.2083	15.7448	12.9635	9.9323	13.724	6.5365	12.5573	9.8177	10.974	13.0885	11.1927	10.1615	9.401	8.4948	6.4115	11.7969	7.2344	14.3594	9.0156	12.9323	6.099	12.724	2.7865	15.0573	5.0052	16.6823	8.1198	16.7448	4.526	18.1094	1.9115	19.224	4.5677	19.2135	8.1406	20.9219	5.1198	23.4427	2.8281	23.1302	6.224	21.5885	9.2656	18.651	12.6302	19.6823	16.3073
c_29.txt	Gilia capitata	29	18.3438	15.6771	17.7031	11.4427	24.3281	7.3594	25.7031	4.5677	22.4219	5.3073	19.6094	7.5885	20.3802	4.3385	19.5156	0.9115	17.6198	3.9323	17.0677	6.901	16.724	3.3906	14.8698	0.7656	13.9323	3.724	14.5885	7.5469	12.474	4.026	9.9531	2.2135	10.1198	5.3281	12.599	8.8594	9.0052	6.8385	5.5781	6.6615	8.0156	9.224	10.8385	10.5885	14.8281	12.026	13.1615	14.8177
c_30.txt	Gilia capitata	30	17.0104	16.5208	16.4323	13.099	23.2448	11.7969	25.6198	9.4323	22.2865	9.4844	19.1094	10.5365	21.1094	7.2552	21.3802	4.0573	18.7552	5.8073	17.0156	8.7448	17.7031	5.1198	16.9427	2.0052	14.901	4.8177	14.1823	8.2969	13.1615	4.8594	11.401	2.3177	10.8281	5.6927	11.9115	9.3906	9.1823	7.5052	5.5156	6.7344	7.6823	9.599	10.2448	11.276	13.1927	12.849	12.1927	16.5781
y_1.txt	Gilia yorkii	1	15.8958	19.5312	16.0365	15.5365	23.1198	12.6302	24.6094	9.6823	21.5781	9.0365	18.3281	11.849	20.6823	9.0781	20.776	5.8698	17.901	7.1823	16.2344	11.1615	17.651	7.474	16.3698	4.3802	13.5781	6.7344	13.9531	10.9115	12.6615	6.8698	9.6719	5.1927	9.1406	8.5781	11.7865	12.0156	7.8906	9.0365	4.7135	9.724	6.4219	12.5573	10.2552	13.401	13.2969	14.8906	12.7656	18.9219
y_2.txt	Gilia yorkii	2	13.4375	17.4792	14.599	13.5573	8.3073	11.599	6.7969	8.7969	9.6823	8.2344	13.0052	10.8594	9.526	8.2552	9.9115	5.2031	13.0781	5.776	14.9948	9.6406	14.2656	5.974	16.4219	3.3906	18.474	5.9531	17.4115	9.8698	18.9844	6.224	22.4427	5.4219	22.5052	8.4948	19.3281	10.8698	22.8281	8.4219	25.6719	9.5885	24.2656	12.0156	20.276	12.6302	17.7656	13.9635	16.2448	17.7135
y_3.txt	Gilia yorkii	3	14.3958	18.4583	14.526	13.9427	7.7135	13.1927	5.7031	10.2552	8.526	8.2448	12.8177	10.9531	9.8698	7.6927	10.9531	4.5052	14.0052	5.599	15.2031	10.2552	14.6302	5.5469	17.3177	3.4844	19.599	6.0365	17.8802	10.4427	19.7135	5.9531	23.1198	5.6198	23.6615	8.8385	19.9427	11.8802	24.349	9.276	26.9219	11.1927	25.1823	13.8594	21.0156	13.901	17.849	14.3906	17.776	18.6823
y_4.txt	Gilia yorkii	4	15.0729	18.6458	16.3385	14.6406	24.1198	13.9427	25.776	10.651	22.9948	9.0677	19.4531	11.401	22.6615	8.8802	22.3594	5.6615	18.8385	6.349	16.6823	10.651	18.026	5.9115	16.3906	3.0469	13.974	5.3906	14.401	9.974	14.1302	5.0677	11.3594	3.4844	9.776	6.3594	11.9115	10.4531	8.7969	6.526	5.2865	7.2135	5.9844	10.3698	10.1406	12.224	13.1198	13.8385	11.901	17.4219
y_5.txt	Gilia yorkii	5	13.8958	16.0833	14.7865	11.9635	7.7552	9.0885	6.2865	6.2448	9.276	5.3073	13.1823	8.4323	10.151	5.7031	10.6406	2.3281	14.0469	3.0781	15.5781	7.849	14.6615	3.3177	17.099	1.0469	19.849	3.1615	18.1094	8.3177	19.9531	3.8802	23.4531	3.3906	23.776	6.7656	20.2656	9.6198	23.5052	6.8698	26.6615	7.776	25.8073	10.6719	21.6615	11.526	17.9844	12.8594	17.2865	16.6719
y_6.txt	Gilia yorkii	6	11.2812	16.4479	12.9323	13.3177	5.276	11.2031	4.2865	7.3802	7.849	6.6615	11.526	10.2552	8.5885	6.9531	8.3177	3.651	11.9635	4.6406	13.724	9.1406	12.3906	4.8802	14.3281	1.9323	17.1406	4.2031	16.3073	9.276	17.5885	4.9635	20.651	3.4531	21.3698	6.7031	18.349	10.0781	21.901	6.6927	25.3698	8.1406	23.9427	11.2656	19.974	12.1198	16.7135	14.1823	14.7552	18.1927
y_7.txt	Gilia yorkii	7	17.7188	18.875	17.6406	14.7031	25.1302	12.1094	26.0885	9.3906	22.8802	9.2344	20.6198	11.4323	23.6406	9.401	23.4323	6.3073	20.2552	6.5156	18.1927	10.349	20.3177	6.6094	18.7031	3.6615	15.6302	5.5052	15.7552	9.776	15.7552	5.3698	12.3073	4.276	10.776	7.2344	13.1094	10.5677	10.5052	6.8177	6.8385	7.276	7.4427	10.5052	11.3802	12.2344	14.0469	14.3385	14.1406	18.7865
y_8.txt	Gilia yorkii	8	17.5729	17.9062	16.8802	13.9844	24.3594	13.7865	26.7344	11.3281	23.9115	9.5156	19.5365	11.2656	23.1302	8.0573	22.7448	4.6823	19.4844	5.526	17.526	9.4323	19.2344	5.5469	17.9219	2.651	15.3802	4.7135	15.0573	9.599	15.3698	5.1615	12.9219	2.526	11.1823	5.6302	12.8177	9.8177	10.7031	5.4427	7.724	4.776	7.3385	7.724	10.974	11.0469	13.8073	13.724	13.7135	18.4323
y_9.txt	Gilia yorkii	9	13.1771	16.9271	13.5365	12.7344	6.6406	11.4948	4.5469	8.2344	7.6094	6.4115	12.0885	9.3906	8.599	6.3385	8.8281	3.3698	12.6094	3.7135	14.2031	8.3073	12.8177	3.8073	15.276	1.4323	18.0156	3.6302	16.8802	8.3281	18.5052	3.9323	22.026	3.1198	22.8385	6.4323	19.3177	9.4323	22.8698	6.6198	25.8698	8.0469	24.4948	10.9427	20.651	11.3802	17.5156	12.9948	17.4531	16.901
y_10.txt	Gilia yorkii	10	12.1875	17.6875	13.5365	13.9844	6.6198	11.6094	6.0469	8.2865	9.1719	7.7552	12.4323	11.2344	9.6094	8.099	10.8698	4.6198	14.3906	6.0885	14.9844	10.0885	14.8385	6.1198	17.7031	3.9635	19.4115	7.1927	17.5573	10.6302	19.7135	6.9323	23.151	6.8177	23.526	9.8594	20.0365	12.1094	22.9948	10.0156	26.2656	11.6198	24.599	14.5469	20.3177	14.6094	17.2448	15.026	16.0573	18.9427
y_11.txt	Gilia yorkii	11	17.8438	18.6458	17.6927	13.8177	24.7031	13.651	26.3802	10.6615	23.2865	9.0156	19.4948	11.3177	22.8281	8.3281	22.4844	5.3802	19.3802	5.7865	17.6198	9.5156	19.1615	5.7865	16.8906	3.0885	14.2344	5.3802	14.8698	9.6615	13.8698	5.0677	10.526	4.3281	9.4219	7.2969	12.5469	10.8698	9.3281	7.3177	5.9427	7.9427	7.0365	11.4219	10.8594	12.599	13.9531	13.9531	14.0781	18.6927
y_12.txt	Gilia yorkii	12	11.5938	17	12.8906	12.5156	5.9323	10.1615	4.4948	6.6406	7.8177	5.7865	11.2865	9.0156	8.5677	5.6927	9.6094	2.4115	13.151	3.7135	14.0156	8.3698	13.276	3.8906	15.9115	1.2865	18.0677	4.0781	16.6302	8.3906	18.4635	4.5365	22.1927	4.3177	22.4427	7.9531	18.9115	9.9531	22.4635	7.5365	25.5573	8.8385	24.0677	11.651	19.5365	12.0677	16.2344	13.4531	15.1719	17.9323
y_13.txt	Gilia yorkii	13	17.8333	18.6562	18.1198	13.9844	25.0885	12.4427	26.9635	9.7552	24.151	8.4219	20.5365	10.7344	23.2865	8.2135	22.7969	4.776	19.974	5.5469	18.4219	9.3906	19.401	5.3802	16.8802	2.7448	14.6198	5.5052	15.6823	9.8385	14.5573	5.1719	11.0573	3.9635	10.1198	7.099	13.151	10.5885	10.1302	7.4115	7.0469	7.6406	7.651	10.8177	11.5365	12.3177	14.6198	14.2344	14.3385	18.474
y_14.txt	Gilia yorkii	14	12.7188	17.9375	13.7031	13.349	6.9219	8.6719	6.6094	5.3698	10.4635	5.6198	12.901	9.8594	10.8385	5.5573	12.6198	2.3594	15.5781	4.5365	15.3594	9.1719	15.6615	4.5052	19.1198	2.5156	20.6094	5.8698	17.9427	9.8073	20.776	6.224	24.3281	6.2448	23.8177	9.5781	19.6615	11.7865	23.6406	10.8281	26.4531	13.1719	23.7969	15.0781	19.849	14.224	16.9115	14.1198	16.3281	18.276
y_15.txt	Gilia yorkii	15	16.1875	18.0938	15.9427	13.6927	22.7656	15.6302	25.6719	13.5156	22.9323	11.0365	18.8594	11.9844	23.3385	10.1927	23.6823	6.9531	20.3073	6.5677	17.2656	10.0052	20.099	6.6406	19.099	3.4323	15.9844	4.6823	14.974	9.151	15.776	4.401	13.7552	2.1615	11.5052	4.2656	12.599	9.2135	10.4427	4.901	7.276	4.2448	6.974	6.9635	10.8906	10.1615	12.526	12.7031	12.276	17.9844
y_16.txt	Gilia yorkii	16	15.9792	17.4271	15.776	13.0573	23.349	13.2552	25.5365	10.5052	22.724	8.5677	18.1719	10.5365	22.2656	9.026	23.0156	5.4115	18.9531	5.1615	16.4219	8.5885	18.5885	4.9219	17.3385	1.4948	14.3698	3.7552	13.9844	8.5365	13.4948	3.7344	10.0156	1.8698	9.0365	5.5885	11.8281	9.2448	8.599	5.2031	5.2969	5.6719	5.8698	8.9115	10.0365	10.7448	12.724	12.9323	12.1823	17.151
y_17.txt	Gilia yorkii	17	12.3854	18	13.7552	13.3802	7.0885	11.849	5.5573	8.8906	8.5677	8.276	12.3385	10.651	9.2865	7.3802	9.8281	4.4427	12.7656	5.474	14.474	10.0052	13.4844	5.5781	15.6094	2.7448	17.7135	5.1615	16.8281	10.0885	18.5677	5.8281	21.5781	4.9427	22.099	8.0156	19.2135	10.8385	22.3802	8.4948	25.599	9.4219	24.026	12.3281	19.8281	13.1615	16.7031	14.099	15.8698	18.776
y_18.txt	Gilia yorkii	18	14.6354	18.2708	15.0156	14.1198	22.8281	13.4844	24.9844	10.8802	21.8281	9.2865	18.151	11.151	21.8385	8.4948	21.5469	4.901	17.974	6.026	15.849	9.776	18.0052	5.776	16.6198	2.3385	13.599	4.6719	13.474	9.2344	13.3385	4.599	10.2344	2.1719	8.9323	5.7448	11.0573	9.6406	8.7344	5.4948	5.0469	4.9323	5.2448	8.401	9.099	11.1302	12.0156	13.6719	11.1615	17.9635
y_19.txt	Gilia yorkii	19	15.8646	18.9271	16.4948	14.3177	24.474	12.901	26.2135	9.5781	22.8906	8.401	19.0156	11.1927	22.2031	8.6406	22.5677	5.0156	18.9115	5.5156	16.9635	9.9427	18.401	5.8698	16.5156	2.5573	14.1719	5.2448	14.599	9.6094	13.849	4.7031	10.6198	3.0573	9.5365	6.5156	12.0677	10.0781	8.7865	6.1302	5.0677	6.7865	6.3073	10.3698	10.3177	11.9219	13.3177	14.151	12.2344	18.2135
y_20.txt	Gilia yorkii	20	12.5208	19.5	13.9948	14.8698	19.1302	19.3281	22.7865	18.8698	21.776	15.5052	16.4219	14.3698	20.974	14.6823	23.1302	11.7969	20.0885	9.8906	15.7969	12.0573	19.5469	9.6823	20.151	6.5052	16.5573	6.526	14.0781	10.6615	15.8802	6.6198	14.1927	2.9948	11.526	5.599	11.7552	10.0781	11.2344	5.4948	8.3281	3.526	7.0469	6.8802	9.8594	10.9323	10.7344	14.3385	9.2344	18.6094
y_21.txt	Gilia yorkii	21	14.0104	17.7917	14.6198	13.9427	7.2135	13.4844	4.6823	11.0052	7.8073	9.3594	12.4844	10.9635	8.526	8.026	8.4948	4.7344	12.2656	5.3802	14.4531	9.5677	12.8385	5.599	14.8594	2.4635	17.224	4.974	16.9115	9.2865	17.5677	4.8177	20.5156	2.9115	21.6198	6.3281	19.349	9.651	22.2552	6.401	25.7448	6.8073	24.2656	9.9115	20.724	11.6927	17.724	14.099	17.3073	18.349
y_22.txt	Gilia yorkii	22	15.9167	17.9583	15.2969	13.9948	22.5573	14.8385	25.1198	12.0885	22.2865	10.1094	17.974	11.849	21.7969	9.8073	22.4427	6.599	19.4635	6.776	16.349	10.151	19.151	6.974	18.1615	3.4115	15.0781	5.1094	14.151	9.349	14.901	4.7135	12.5781	2.2656	10.4219	5.1406	11.7552	9.5781	9.6823	4.6615	6.4219	4.4427	6.474	8.1094	9.9219	10.7135	12.151	13.7448	12.1927	18.276
y_23.txt	Gilia yorkii	23	21.1146	17.7604	21.0156	12.8698	25.8802	6.2344	25.1615	2.8281	22.0677	4.2865	20.849	8.9531	21.5156	4.4427	19.0677	1.8073	17.1094	4.7552	18.6406	9.1719	16.8177	4.9635	13.1927	3.9323	12.8281	7.5469	16.526	10.5573	12.5052	7.6302	9.5469	8.349	11.1302	11.4844	14.9531	12.276	10.9427	11.5365	7.8281	13.7656	10.7031	16.0052	14.9219	14.6719	17.5781	13.5885	17.3177	17.599
y_24.txt	Gilia yorkii	24	15.1875	16.9688	15.6302	12.474	23.2031	12.8177	25.276	10.3698	22.4323	8.7865	18.3281	10.526	22.3281	8.1719	22.4844	4.9635	19.2344	5.0885	16.651	8.849	19.1719	5.2031	18.3594	2.2865	15.401	3.1719	14.4219	8.0885	14.4948	3.8802	12.3073	1.6406	10.4323	4.4531	11.9427	8.4844	9.8594	4.5677	6.4219	4.349	6.3281	7.7448	10.1719	9.9948	12.6615	11.6719	12.0365	16.6719
y_25.txt	Gilia yorkii	25	16.7812	18.0938	16.1927	13.2135	23.776	13.8906	26.1823	11.1615	23.3594	8.9635	18.401	10.6823	22.5573	8.2969	22.8281	4.6094	19.0885	4.8802	16.4531	9.3281	18.4844	4.9219	16.7969	1.6198	13.9219	3.9531	14.0781	8.974	12.4844	3.9844	8.776	2.8281	8.1719	6.599	11.849	9.974	7.8281	6.5052	3.9531	7.4948	5.8802	11.0469	10.3177	11.9948	13.0781	13.3802	12.5469	18.1094
y_26.txt	Gilia yorkii	26	17.1354	18.5312	17.8802	13.724	24.5365	10.4844	26.0781	7.4635	22.724	6.6719	19.5677	9.7031	22.0573	6.5781	21.1406	3.2656	17.9844	4.724	17.2656	9.0365	17.4323	4.6615	14.6719	2.2656	12.8698	5.3385	14.651	9.4844	12.8073	5.5156	9.4115	4.599	9.4844	7.7135	12.4948	10.6615	8.7031	8.0573	5.3177	9.3906	7.2656	12.6406	11.7865	12.7969	14.7448	13.276	13.4427	17.6615
y_27.txt	Gilia yorkii	27	17.5729	17.6562	17.1615	12.9115	24.4115	10.724	25.5469	7.5781	22.4635	6.724	19.0365	9.4427	22.0365	6.0156	20.9427	2.8906	17.8698	4.0885	16.6198	8.3177	17.1615	3.526	14.4844	1.4115	12.7865	3.9219	14.0781	8.8073	12.3594	4.2448	9.1302	3.4115	8.4115	6.6198	12.1094	10.1823	8.1406	7.6823	4.8177	8.974	6.8802	11.9531	10.9323	12.224	13.9115	13.2135	13.0365	17.3177
y_28.txt	Gilia yorkii	28	15.5312	17.9792	15.0677	13.224	20.2135	17.224	23.6302	15.3698	21.4531	12.7656	17.0365	12.2865	21.151	12.401	23.1302	9.6823	20.1094	8.1406	16.1198	10.4323	19.8385	7.7656	19.4635	4.5781	16.1615	5.0573	14.151	8.974	15.4844	4.7865	12.9948	2.1198	10.6823	4.5365	11.5885	9.3177	9.3906	4.2865	5.8802	3.9531	5.6927	7.2552	9.6823	10.6302	12.0469	13.2135	11.526	18.0677
y_29.txt	Gilia yorkii	29	13.5833	17.8333	15.0781	13.0052	21.724	14.6302	24.6406	12.0573	21.6198	10.151	17.6719	11.1823	21.8385	9.7865	22.8073	6.4427	19.2969	5.8802	15.901	9.4219	18.3906	5.6823	17.2031	2.3385	14.2344	4.0677	13.7135	8.8802	13.4948	3.776	10.599	1.776	9.224	5.0885	11.3906	8.8385	8.8281	5.0156	5.5677	4.8073	5.9427	7.7448	9.9531	10.2135	11.901	12.099	10.526	16.8594
y_30.txt	Gilia yorkii	30	16.375	19.1771	17.2448	14.4948	23.9844	13.6302	25.1927	10.8698	22.5573	10.1406	19.5156	11.9635	22.6302	9.7031	22.4844	6.901	19.526	7.1302	17.4948	10.474	18.7969	7.1615	17.2969	4.4219	15.099	6.3698	14.9844	10.3177	14.026	6.2552	11.276	5.224	10.6094	7.8594	12.6094	10.9219	10.026	7.9531	7.026	8.5052	7.7552	11.0781	11.0885	12.6823	13.7448	14.1406	13.151	18.474
49_1.txt	F2	1	14.9062	12.0625	15.2969	9.0573	20.3594	9.4531	21.776	7.7344	19.6927	6.8177	16.842	7.8976	19.3906	6.3628	19.8559	4.099	17.5642	4.5017	15.7865	6.5295	17.4149	4.0747	16.7205	1.9774	14.9844	3.4358	14.4219	5.901	14.8594	3.1892	13.5191	1.2448	12.2344	3.1476	12.7344	5.8767	11.8872	2.8837	9.9219	1.8351	9.4844	4.1198	11.158	6.2865	12.1441	8.5365	10.6788	10.5226
49_2.txt	F2	2	14.4792	12.4479	14.9115	9.974	20.1719	5.901	20.2969	3.849	17.776	4.1406	16.6024	6.1649	17.6545	4.0747	17.0642	2.4219	15.2101	3.4427	14.717	5.4149	15.1684	3.2934	14.0087	1.3212	12.2378	2.974	12.6372	4.9913	12.3316	2.4288	10.5434	1.4288	9.4601	2.9705	10.4115	5.5017	9.0677	3.4045	6.8872	3.0365	6.7899	5.0087	8.5469	6.9253	11.4253	9.3177	10.7309	11.6163
49_3.txt	F2	3	13.1458	15.5938	12.974	12.0885	18.7552	11.2031	20.6406	8.651	17.5781	7.9844	14.9635	9.3802	16.9323	6.6615	16.474	3.7865	13.8698	5.2135	12.6094	8.0781	13.0469	4.4531	11.276	2.3073	9.7135	4.8073	10.1615	8.0677	8.7135	4.7448	6.151	3.5677	5.6927	6.4635	7.7969	9.151	5.4635	7.1094	2.3281	7.3281	3.4948	10.0052	6.526	11.2031	9.2969	12.1406	8.6719	15.349
49_4.txt	F2	4	16.3021	14.8438	15.5781	11.0538	18.4253	7.7622	18.2517	6.2205	16.8351	6.8872	15.6962	9.3247	16.6684	6.7274	16.0226	5.3108	14.7726	6.4705	14.5712	9.2899	14.6337	6.776	13.5087	5.4358	12.8837	7.1233	13.5052	9.4948	12.4913	6.8524	11.0469	6.0469	10.8733	7.658	12.4184	9.9566	10.7101	7.9913	9.0851	7.6719	9.5156	9.2135	11.7031	10.651	12.783	11.4358	12.5087	15.1892
49_5.txt	F2	5	14.4583	13.7708	14.2656	9.4219	18.4115	10.5156	20.776	9.8594	18.724	8.3802	15.717	8.2066	18.9149	6.2622	19.4844	4.8733	17.5191	4.9566	14.901	6.6441	16.1441	4.1927	16.0747	1.7344	14.0608	3.4844	13.1163	6.1337	12.6233	2.8281	11.1719	0.9323	10.4983	3.3559	10.8594	6.2344	8.2622	4.2726	5.4913	4.1753	6.7552	6.0365	9.9149	7.8594	11.4913	9.1858	10.6545	13.6788
49_6.txt	F2	6	11.4375	11.3021	13.2448	8.5573	10.1823	4.8698	10.026	2.7448	12.0677	3.5677	13.0677	6.1198	12.2448	3.5885	13.2552	1.6406	14.599	3.3594	14.599	5.7135	14.724	3.401	16.2656	1.7344	17.1198	3.9844	16.2969	6.2031	17.5156	4.1406	19.4948	3.3906	19.5469	5.5573	17.7031	7.3385	19.8177	6.276	21.8281	6.7969	20.5156	8.5469	18.2031	8.9948	15.776	9.5573	15.349	12.7552
49_7.txt	F2	7	10.9479	12.7396	9.2969	11.026	11.7344	9.5573	12.2066	7.9392	10.4635	8.217	9.276	9.9601	9.6441	7.8767	8.6788	6.6476	7.8385	7.9531	8.1094	9.9184	8.2899	8.092	6.9427	6.8976	6.4149	8.4253	7.2691	10.3559	5.3247	9.092	3.6927	9.6545	4.6233	10.967	6.5573	11.0573	4.2622	10.2066	2.7622	10.6788	3.9288	11.9705	5.908	12.0608	6.7413	12.0885	7.6302	14.3976
49_8.txt	F2	8	14.5312	10.4688	14.2969	7.3802	17.9635	5.0365	18.3073	2.724	15.901	3.2865	14.474	5.2552	15.3594	2.9948	14.1719	0.8385	12.6302	2.7135	12.6823	5.1719	12.3385	2.7448	10.5052	1.0677	9.776	3.4635	10.9219	5.7969	9.4635	3.1927	7.4531	2.5052	7.349	4.5781	9.6198	7.0365	7.3698	5.1302	4.8594	5.3177	5.974	7.401	8.2031	8.0885	10.6302	8.3906	10.349	10.7448
49_10.txt	F2	10	12.1667	11.7292	12.1094	9.2031	15.2031	6.3281	15.4323	4.1615	13.4115	4.9635	12.1927	7.5365	13.3906	5.6198	13.2552	3.4323	11.5677	4.8385	11.1406	7.2656	11.7344	4.4948	10.7031	2.3594	9.526	4.3698	9.901	7.2969	9.6094	4.5781	8.1927	2.9948	7.5677	4.8698	8.6406	7.4479	7.526	4.6719	5.7344	3.7552	5.5781	5.6719	7.4323	7.7917	8.4688	9.2188	8.2135	11.3281
49_12.txt	F2	12	12.6562	18.7708	13.901	15.4219	8.5781	16.0677	6.5469	14.3073	8.7552	13.2135	12.0677	13.8594	9.2969	11.9323	8.5365	9.4323	11.401	9.8281	13.474	12.276	12.3177	8.776	13.1406	6.5469	15.3073	8.2969	15.5365	11.7552	15.8594	8.1302	17.974	6.5573	18.7969	8.9115	17.4115	12.2969	20.026	9.8385	22.776	9.7969	21.9323	12.1302	18.5781	13.724	16.7344	14.5052	17.5885	18.4115
49_15.txt	F2	15	16.9062	15	17.5156	11.099	23.151	10.526	25.8177	8.3802	22.5781	8.099	20.1198	8.9427	22.6302	6.5052	23.3177	4.0156	20.7969	5.1198	18.6302	7.4115	19.8385	4.0365	19.1198	0.901	17.2135	3.4115	16.4219	6.349	16.651	3.1302	15.1927	0.6302	14.224	3.3385	14.4844	6.526	12.776	3.4531	10.0781	1.6094	10.4115	4.6823	12.2969	7.4531	14.2656	9.9531	12.0469	12.7448
49_17.txt	F2	17	20.6979	15.6458	18.776	12.6302	24.6823	8.4531	25.474	5.4844	22.401	6.4844	19.974	9.4115	21.0573	5.5538	20.3559	3.0052	18.2031	4.9497	17.7344	9.0469	17.151	5.0365	14.901	2.7865	14.276	5.7552	15.3906	9.6719	13.2344	6.651	10.1823	5.3073	10.6927	8.4115	12.9375	10.8307	10.3906	8.651	7.3385	8.4323	8.7865	11.5365	12.0052	13.099	15.901	13.7656	16.7344	17.3281
49_18.txt	F2	18	10.0365	18.2552	10.9401	16.1562	6.6927	16.4844	5.151	14.6719	7.2031	14.1823	9.9635	15.0885	7.1198	13.2031	6.526	11.0156	8.7865	11.276	11.0365	13.7448	9.4531	10.724	9.8073	8.6615	11.6198	9.901	12.5052	13.1719	12.6094	9.8802	14.2552	8.1198	14.8385	10.4115	14.099	13.401	15.6406	10.401	17.7969	9.349	17.6823	11.6198	15.3438	14.4375	14.0312	15.9271	14.1198	18.6198
49_19.txt	F2	19	12.4896	13.625	12.651	10.7865	8.8594	11.2969	7.151	10.3594	8.6198	9.2135	11.8281	9.776	9.4948	7.7552	9.2031	5.9531	11.2656	6.1927	12.7344	8.4219	11.8177	6.026	12.7552	3.8594	14.4115	5.5573	14.3281	7.9427	14.651	5.4219	16.5052	4.2656	17.2969	6.1719	16.099	8.3698	17.6615	6.4219	19.5885	6.3906	19.474	8.5677	17.6441	9.5712	15.9774	10.7517	16.2934	12.9601
49_20.txt	F2	20	16.0312	13.1875	14.8385	9.0573	19.2552	4.3073	19.1406	2.2031	17.0365	2.6615	15.1719	5.8594	15.2344	2.401	13.901	0.7448	12.7448	2.6198	13.1302	5.901	11.9844	2.6927	10.0677	1.6094	9.7448	3.6927	11.2656	6.5885	8.6719	4.4115	6.6927	4.4948	7.401	6.474	9.7031	7.9427	7.2448	6.7344	4.9323	7.0573	6.5052	9.026	8.9427	9.9323	11.8177	10.0573	12.1823	13.5677
49_21.txt	F2	21	14.5833	14.75	13.1615	12.0156	19.1094	9.1615	19.9844	6.2552	17.1302	6.4844	14.7969	9.1406	16.3802	5.526	15.5469	3.2969	13.4635	4.7656	12.526	8.3385	12.1927	4.9323	9.8802	2.9844	9.1094	5.8594	10.3594	8.8385	8.3385	5.8802	5.599	5.0677	5.7448	7.7344	8.533	10.1962	5.5677	8.8594	2.8802	9.4844	4.6406	11.7969	8.8351	12.217	10.6927	12.3073	10.5469	15.4323
49_22.txt	F2	22	10.9479	14.0625	11.099	10.7969	15.4323	8.599	16.0365	6.7031	14.0677	6.9635	12.026	8.7448	13.7552	6.2448	13.5885	4.5885	11.9219	5.5156	10.7031	8.0677	11.099	5.0573	9.8802	3.2552	8.724	4.9948	9.026	7.9323	8.099	4.9531	6.6302	3.8594	6.0781	5.5885	7.4531	8.4323	5.6198	6.4844	3.651	6.0156	3.9844	8.1094	6.3941	9.4149	8.2691	10.2517	6.8455	13.2309
49_23.txt	F2	23	14.8958	14.1771	14.6406	10.8177	19.3281	9.849	20.1719	8.099	18.1615	7.3385	15.4531	9.349	17.5156	6.9531	17.1615	5.1302	15.224	5.6094	14.3281	8.3177	15.1823	5.6823	13.8906	3.9531	12.526	5.4635	12.7344	8.1719	12.7656	5.4115	11.276	3.9844	10.2135	5.901	11.0885	8.1406	9.4844	5.8698	7.4219	5.776	7.7656	7.9219	10.1094	9.3906	11.4844	10.401	11.0365	13.8177
49_24.txt	F2	24	10.9167	16.3333	11.1823	12.9844	5.1094	11.474	3.8594	9.6927	5.7969	9.3177	8.8802	10.5052	6.6198	7.8073	6.5781	5.4115	8.9219	6.5573	10.5156	9.026	9.9531	5.9948	10.7552	3.901	12.3698	5.8073	12.6615	8.7552	13.4635	5.7135	15.2865	4.401	15.6302	6.2969	14.4219	9.5052	16.5469	6.974	18.6927	6.2865	18.1094	8.599	16.099	10.3073	13.5677	12.3073	14.6302	15.8906
49_25.txt	F2	25	15.0208	13.0833	15.6094	9.974	13.151	7.6927	12.974	6.2865	14.4531	6.8177	15.5677	9.0469	14.7969	6.5677	15.5677	5.1823	16.4427	6.3698	16.6615	8.9635	15.8802	6.4531	16.6927	5.151	17.599	6.4635	17.224	9.0365	17.401	6.4219	18.4948	5.3073	19.1406	6.5885	18.5052	9.1927	19.7969	6.8906	21.1198	6.2344	21.1823	7.7656	19.5677	9.6615	18.6615	10.526	18.8281	13.2344
49_28.txt	F2	28	13.6354	15.5521	13.6823	12.7552	20.099	11.776	21.5781	9.6406	19.2344	8.6302	16.026	10.4323	18.3281	7.9219	18.3281	5.0677	15.7448	5.9531	14.1094	8.9531	15.4531	5.5156	14.3698	3.099	12.401	4.7344	11.901	8.2552	11.5781	5.1198	9.401	3.1406	8.4948	5.6927	9.6302	8.776	7.7344	5.849	5.0573	5.0573	5.2656	7.7552	7.8385	9.974	10.6094	12.4219	9.7031	15.5781
49_29.txt	F2	29	13.125	20.0521	13.0156	17.6406	6.1094	18.1719	3.599	16.4844	6.0677	14.9531	9.474	15.7656	6.3281	14.1406	5.4948	11.5677	8.5052	11.7031	10.8594	13.974	8.0573	11.7135	7.5677	8.8073	10.7552	9.6615	12.5156	12.4531	11.4427	9.349	12.5365	6.8177	14.5781	8.5885	14.7865	12.1302	15.2865	8.6094	17.276	6.901	18.099	9.5885	16.651	12.8594	15.6094	16.0365	16.9219	18.5052
49_30.txt	F2	30	11.4583	15.3542	12.4219	11.3698	5.9427	8.724	4.724	6.5052	7.3698	6.2135	10.5781	8.7344	8.3281	5.724	8.2969	3.0677	10.9844	3.9844	12.3802	7.849	11.6615	3.724	12.974	1.8073	14.5469	3.7135	14.401	7.9115	15.3906	3.6302	17.474	2.5156	18.2656	4.8177	16.2969	8.599	18.9948	5.7344	21.5156	5.5885	21.0469	7.9219	17.5781	10.2865	14.9635	11.7031	16.0156	15.1094
49_31.txt	F2	31	11.8646	12.2812	11.776	9.526	7.8802	8.6094	6.9219	6.7031	8.849	6.4115	11.0885	7.7552	9.1927	6.0156	8.9844	4.2135	11.0573	4.6927	12.5365	6.6823	11.8906	4.2552	12.7552	2.3177	14.1823	3.901	14.2656	6.4635	14.5365	4.099	16.1302	2.8906	16.8698	4.6198	15.849	6.9948	16.9115	5.0677	19.0573	4.4219	18.9531	6.526	17.224	8.0573	15.2865	10.099	15.276	12.5156
49_32.txt	F2	32	18.2812	14.9271	17.8594	11.0573	23.599	8.1615	24.5469	5.8385	22.1302	6.2344	19.3698	8.5885	21.901	5.724	21.8906	3.5469	19.7135	4.3385	17.8906	7.6823	19.1094	3.7865	18.1094	1.6615	16.401	3.349	16.1042	7.2031	15.599	3.1927	13.8906	1.5781	13.1406	3.7135	14.2865	7.474	12.5677	4.1927	10.4323	2.901	10.4323	5.5156	12.474	8.4635	15.0573	11.2552	13.5781	14.1302
49_33.txt	F2	33	14.3125	14.75	13.5156	11.0156	8.151	10.4948	6.3802	9.3385	8.2135	8.2448	11.276	8.8177	8.8073	6.6719	8.1615	4.7031	10.3698	5.3177	13.2969	8.3906	11.349	5.0781	11.2031	2.8594	13.2031	3.974	14.651	6.9219	14.4948	3.2135	15.5781	1.224	16.9115	3.151	16.5156	6.8073	17.5156	3.4323	19.2448	2.099	19.776	4.4635	18.1198	7.7135	16.2969	9.974	17.6719	13.6927
49_34.txt	F2	34	11.7188	12.8854	12.1094	9.599	7.776	5.8906	7.3906	4.0156	9.2656	4.6094	11.2188	7.151	9.6927	4.6406	9.651	2.7448	11.4531	3.8073	12.7448	6.5156	12.3802	3.5885	13.276	2.151	14.5156	3.4323	14.2917	6.5573	15.0677	3.849	16.4531	2.8906	17.026	4.5677	15.599	7.5955	17.8073	5.6198	19.9323	5.651	19.1198	7.349	16.5295	8.6372	14.9323	9.5885	15.0573	12.7865
49_35.txt	F2	35	14.8854	13.1979	14.2448	10.0469	17.5781	8.2969	18.0052	7.1198	16.7344	7.3281	14.783	8.6615	15.8108	6.5469	15.9983	5.1094	14.8038	5.9983	13.6476	7.8837	13.5295	5.7552	12.7726	4.4635	12.3003	5.8733	12.3003	7.6267	11.7726	5.7726	10.6823	4.6684	10.3976	6.2101	10.8976	8.0087	9.6372	6.5851	7.8247	5.6059	8.408	7.5365	10.0191	9.1684	11.3385	10.0226	11.474	13.5885
49_36.txt	F2	36	17.4479	16.0417	17.1198	12.8385	22.5365	12.8073	24.2448	11.0156	22.0781	9.9531	18.8177	10.8906	21.6927	9.099	22.224	6.9323	19.6406	7.0781	17.4635	9.6198	19.224	6.5052	18.6927	4.0781	16.599	5.6302	15.7344	9.0052	16.026	5.4948	14.4115	3.3073	13.1198	5.7031	13.849	9.2344	12.3906	6.4427	10.1927	5.6719	9.9635	7.9844	12.526	10.2448	14.3906	12.0677	13.2344	15.651
49_37.txt	F2	37	9.2812	14.5104	10.2656	10.099	6.401	5.8802	5.9531	3.4427	8.2135	4.7656	9.776	7.6198	8.3385	5.0365	8.5573	2.8073	10.4531	4.401	11.2969	7.4323	12.0573	3.901	13.5677	2.3802	14.1406	4.5052	12.9115	7.6406	14.4358	4.6337	16.3524	3.5365	16.3385	5.6753	14.2205	8.5226	16.4184	6.0885	18.5156	5.1163	18.2101	7.1024	15.1024	9.7378	12.7274	10.4913	12.8941	14.8733
49_38.txt	F2	38	15.1042	16.5	13.2726	12.6476	20.342	9.7031	21.0503	7.0642	18.5087	7.217	14.8698	10.1337	17.1441	6.0295	16.9358	3.3628	14.5052	5.224	13.4948	8.7726	14.1059	4.3281	13.1476	2.1892	11.592	4.3698	11.6615	8.9392	10.9809	4.217	9.092	2.3281	8.0365	4.8976	9.4115	9.1198	6.3559	5.8941	3.4809	5.5052	4.3837	7.8941	7.8003	10.5122	10.5226	12.8316	10.3559	17.1892
49_39.txt	F2	39	13.25	15.1667	13.5052	11.1823	17.9427	7.3281	18.224	5.526	16.3281	6.0365	14.6094	8.3073	16.1719	5.6927	15.8698	3.7969	14.0052	4.8698	12.9115	7.7865	13.2865	4.6615	12.0781	3.0469	10.9323	4.8073	11.1615	7.7135	9.8177	5.0156	7.6823	4.0781	7.651	6.2656	9.4948	8.4115	7.474	6.401	5.2969	6.0469	6.2031	8.2135	8.1198	9.599	10.474	11.099	9.0365	14.349
49_40.txt	F2	40	21.4479	10.3646	19.4531	9.4219	24.0365	6.224	24.4635	3.7344	21.8594	4.3594	19.974	6.8698	21.1719	4.0469	20.099	1.599	18.0573	3.3906	17.7969	6.3698	17.724	3.0573	15.9219	1.0781	14.651	3.3802	15.7135	6.7865	13.8385	3.9844	11.5469	3.276	11.599	5.6406	14.1302	8.2448	10.9427	6.526	8.1302	7.4531	10.026	9.5052	13.0156	10.1927	15.9323	10.0677	16.7552	13.8281
49_41.txt	F2	41	15.2917	16.5625	14.6823	13.026	21.6927	12.8906	23.8177	10.724	21.1302	9.724	17.3177	10.9427	20.6823	8.2969	20.9115	5.5365	18.1198	6.224	15.5469	9.3281	16.7135	5.2552	15.5677	2.6615	13.5573	4.7552	13.1302	8.8698	12.4427	4.5781	10.0365	2.9323	9.2448	5.4323	10.8073	9.4323	7.9115	6.026	5.026	5.5156	5.4427	8.2344	9.099	10.8281	11.6719	12.7969	10.4427	16.0365
49_42.txt	F2	42	11.9896	15.9375	13.5781	12.3281	8.099	7.0573	7.901	4.3385	10.6094	5.3177	12.9219	8.8906	12.3073	4.599	13.6823	2.3177	15.3177	4.6927	15.0677	8.7552	15.7031	4.6719	17.6823	2.7969	18.6615	5.3281	17.1719	9.5677	19.901	6.401	22.5156	5.9323	22.2552	8.4844	18.9219	11.2344	22.4948	10.2135	25.1719	11.4531	23.1198	13.4948	19.4427	13.5885	16.1094	13.0573	16.349	16.5781
49_43.txt	F2	43	10.2083	13.2083	11.6302	9.9115	7.9948	5.2448	8.1719	3.1406	10.2552	4.0156	11.3872	6.6788	10.592	4.0712	11.3976	2.2101	12.967	3.6545	13.1198	6.6684	14.1198	3.849	15.8281	2.5712	16.4948	4.7378	14.8594	7.4062	16.8073	4.9948	19.1302	4.5573	18.7031	6.7031	16.3698	8.5365	18.9844	7.5469	21.1719	8.3698	19.5469	10.099	16.7083	10.3125	14.6302	10.5677	13.9844	14.0521
49_44.txt	F2	44	16.0104	16.6458	15.6094	11.9844	23.8698	10.6302	25.7969	8.0781	22.2865	7.3281	18.4635	9.0781	21.3385	5.0469	21.2344	1.9219	18.0885	3.5885	15.8385	7.7344	15.9323	3.3802	13.8385	0.2135	12.1719	3.6927	12.8594	7.8698	10.776	4.2448	7.4531	2.8906	7.776	6.4531	10.7656	9.4427	6.7969	7.4531	3.3281	7.8281	5.599	10.849	9.099	11.8906	12.4219	12.3073	11.0052	16.0365
49_45.txt	F2	45	16.8958	13.5677	16.8333	10.3854	20.0573	9.9219	21.1094	8.4635	19.4323	7.9948	17.8385	8.9427	19.099	7.4115	18.9531	5.8802	17.4427	6.276	16.4427	7.9635	16.5469	6.0469	15.276	4.6823	14.4219	6.2031	14.8594	8.1615	14.0885	6.4635	12.3906	5.6927	12.2969	7.5052	13.4948	8.9323	11.9323	7.776	10.2031	8.0781	10.9427	9.5885	12.6719	10.3177	13.9531	10.7135	14.0365	13.2969
49_46.txt	F2	46	12.6562	16.8646	12.0052	13.7969	6.4531	10.7135	5.7865	8.7656	7.9635	8.8906	10.4219	11.217	8.5469	8.401	8.8385	6.3281	10.776	7.4427	11.8021	10.3385	10.7135	7.0851	11.5816	5.2726	13.026	6.5087	13.2031	9.8524	13.8281	7.1337	15.5087	5.3698	16.3003	7.592	14.849	10.7899	16.4219	8.224	18.7969	7.3351	18.6302	9.7587	16.099	11.842	14.2865	13.1094	15.9427	15.1024
49_47.txt	F2	47	13.3142	19.342	12.401	16.474	8.3177	16.8594	6.4323	15.6094	8.349	14.526	10.6198	15.1458	8.2448	13.849	7.6094	11.7969	9.8177	11.9948	11.4844	13.9167	9.9427	11.7604	9.9427	10.0365	11.7865	10.6875	12.9271	12.9219	12.6927	10.349	13.8073	8.8385	14.8594	10.4219	14.5469	13.0833	15.4896	10.8125	17.1667	9.9375	17.4062	11.7969	15.9479	13.8594	14.75	15.3594	17.1562	17.5312
49_48.txt	F2	48	16.2396	12.1875	15.6302	8.7031	19.5469	9.4427	21.1198	8.3906	19.6719	7.2656	17.0816	7.5747	19.4948	5.6927	19.7448	3.7344	17.6927	4.0885	15.8281	6.401	16.401	3.2135	15.1406	1.3906	13.9323	3.1198	13.9219	6.0365	13.0781	3.0885	11.349	1.9115	10.901	3.8281	12.3385	6.651	10.1198	4.8177	7.9531	4.8594	9.026	6.5365	11.4323	7.5573	13.3698	8.526	12.6719	12.1302
49_49.txt	F2	49	16.6354	14.8229	15.7135	11.9045	19.6997	10.158	20.408	8.2344	18.4566	8.5399	16.526	10.3385	17.7031	7.9497	17.3628	6.0677	15.8559	7.3316	15.1615	9.6458	15.7865	6.9115	15.099	5.4062	14	6.8333	13.8021	9.6042	13.6823	6.9115	12.474	5.3385	11.7969	7.0885	12.3628	9.8142	11.0017	7.349	9.2587	6.7378	9.3351	8.342	11.3628	10.5156	12.717	12.0885	13.0469	15.3177
49_50.txt	F2	50	15.125	15.2083	14.349	11.6406	7.7865	8.1719	7.2969	5.151	10.3281	5.7552	12.7552	8.3802	10.6094	5.474	11.1615	2.3177	13.9219	4.0885	15.1198	7.6823	14.4948	4.0469	16.1094	1.474	17.7552	4.0365	17.6823	7.6823	18.5781	4.0885	21.2448	2.5469	21.849	5.5156	19.724	8.401	21.8073	5.9948	25.1823	5.2552	24.4948	8.4635	21.4948	10.3281	18.3073	11.2448	19.4427	14.4219
49_52.txt	F2	52	19.875	15.5104	18.7135	11.8385	25.2448	8.776	26.349	5.7448	23.0781	6.1615	20.4219	8.8073	22.4219	5.3177	21.8177	2.1927	19.2344	4.0677	18.224	7.7344	17.901	3.7031	15.7656	1.526	14.6198	4.4635	15.849	8.2135	14.1719	4.8906	11.4219	3.5365	11.4427	6.5885	13.9323	9.7344	10.6615	7.9531	7.4219	8.7552	9.7969	11.349	13.224	11.901	15.7656	11.7969	15.0677	15.3177
49_53.txt	F2	53	12.7604	15.7708	11.349	12.349	5.3281	12.7552	3.3385	10.8906	5.7344	10.1094	9.1094	11.1458	6.3854	10.4479	4.6042	8.5521	6.8802	8.3281	10.1354	9.7552	7.3438	7.9688	6.5417	5.3646	9.401	6.0885	11.4844	8.4844	9.8802	5.3021	10.0677	3.1823	12.0625	4.3906	13.3646	7.875	13.9167	4.6615	15.6562	2.8385	16.474	5.1354	15.625	7.3958	14.0052	10.7448	15.7031	13.9115
49_54.txt	F2	54	10.8438	15.8958	12.0781	12.1094	5.276	12.1406	2.5156	9.7031	5.7865	8.3802	9.0156	9.5677	6.2344	7.1094	5.9948	3.9427	9.2969	4.901	10.9948	7.651	9.7656	4.4844	11.026	1.8385	13.4844	3.8073	13.7031	7.1094	13.9323	3.7135	16.4844	1.7865	17.849	4.6615	16.4635	7.4531	18.1094	4.6823	21.2865	3.8073	21.1094	6.9115	18.7656	9.1406	15.5469	11.3906	15.7135	16.2552
49_55.txt	F2	55	14.4271	15.7188	15.4219	12.6094	19.0052	13.1927	20.7969	11.9844	19.1406	10.7865	17.349	11.0469	19.0052	10.2031	19.4635	8.026	17.2865	8.3906	16.0365	9.9219	16.9844	8.0781	16.1927	5.9323	14.5781	7.4219	14.4323	9.6719	14.3802	7.3802	12.9115	5.9115	11.974	7.8698	12.7031	9.849	11.7656	8.1302	9.599	7.4115	9.8698	9.6198	11.4635	10.9219	12.276	11.8802	11.1615	14.349
49_56.txt	F2	56	10.1042	15.5833	11.526	12.099	5.3177	8.7135	4.776	5.9531	7.5365	5.974	10.1719	9.0469	8.1615	5.974	8.7552	3.151	11.1615	4.849	12.026	8.276	11.7344	4.4531	13.4635	2.2448	15.2344	4.4531	14.349	8.3385	15.8802	5.0365	18.5677	3.8594	18.9844	6.8177	16.4115	9.6198	19.3385	7.4531	22.3073	7.9844	21.1094	10.6302	17.651	11.6719	14.6406	12.5469	14.6198	16.3594
49_57.txt	F2	57	16.2188	14.3333	15.6094	10.401	21.7135	8.349	22.6302	5.776	20.2656	5.8281	17.6927	7.7135	19.4323	5.1719	19.2344	2.599	16.8281	4.0052	15.7656	6.849	16.2552	3.4427	14.9427	1.1719	13.5573	3.3698	13.6406	6.5573	12.526	3.1927	10.1094	1.8281	9.6823	4.4635	11.6094	7.5781	9.1198	5.5156	6.4323	5.4844	7.8385	7.974	10.3177	9.1719	13.0365	10.3906	12.4427	14.0885
49_58.txt	F2	58	13.3021	14.6979	14.5156	10.6719	8.5781	7.5052	7.6719	4.9323	10.5469	5.1719	13.0885	7.4427	11.974	3.849	12.9427	1.6302	14.7135	3.2448	15.2448	6.8698	15.6094	3.4115	17.2448	1.6302	18.5052	3.9427	17.4635	7.276	19.1406	4.7135	21.7656	3.8385	21.5677	6.2344	19.1094	8.7031	22.0052	7.224	24.6406	7.8385	23.1094	9.9115	19.7448	10.6927	16.8698	10.7969	16.974	15.1198
49_59.txt	F2	59	18.7708	14.9271	13.7969	13.0469	6.9115	15.3385	4.099	14.6406	6.3802	12.901	9.1927	12.5469	6.2865	11.8073	4.349	10.3177	6.6302	9.276	9.6823	10.4115	6.9427	8.724	6.3698	6.849	8.6719	6.9219	11.1406	9.0156	9.0573	6.1406	8.8594	3.8385	11.1406	4.6615	12.3802	6.6823	11.724	3.8906	12.5052	1.901	14.1059	3.5642	14.6615	5.7587	14.7691	10.7587	19.3247	11.0642
49_60.txt	F2	60	14.0104	15.1562	14.4427	11.7031	18.8073	7.8698	19.3906	5.5156	16.7656	6.3698	14.8385	9.5208	16.4323	6.0365	15.474	3.6615	14.2135	5.6719	13.5469	8.9635	13.4323	5.401	11.7031	3.6719	11.1094	5.8594	12.1406	9.2656	10.1823	5.6823	7.9948	4.6719	8.0469	6.9427	10.6719	10.0573	7.026	8.6198	4.6927	9.2865	6.5677	11.099	10.1094	11.3385	11.349	11.4219	9.9219	14.1823
49_61.txt	F2	61	13.375	3.4375	15.5677	5.1302	19.5052	3.6198	21.4948	3.849	20.3073	5.1094	17.974	5.6875	20.0104	5.7031	21.5938	6.6979	20.026	7.1667	17.7031	6.974	19.901	7.151	21.3802	8.4531	19.5417	8.7969	17.3125	8.026	19.0469	9.1562	20.224	11.0677	18.1823	10.4635	16.5729	9.2396	17.8021	10.9375	18.0625	12.9219	16.2396	11.6042	15.5938	9.8958	14.7969	8.2708	11.8854	8.2083
49_62.txt	F2	62	13.4583	19.5833	10.3281	17.1892	4.6059	19.6753	1.2587	18.4809	3.6753	16.2865	6.1753	16.099	3.9184	15.7378	1.5017	13.1684	4.592	12.0781	7.4149	13.5191	5.1372	11.8837	4.2899	8.8698	7.2344	9.0781	9.2934	11.599	8.2552	8.5712	9.5816	5.8003	11.5538	8.0295	11.967	10.8003	12.3837	8.0087	15.0642	5.9045	15.7517	9.2517	14.3663	11.6441	12.7552	14.4531	15.5017	16.8073
49_63.txt	F2	63	16.6042	17.0521	15.9219	13.3802	23.349	10.6615	24.0885	8.1406	21.2865	7.974	18.4115	10.3385	21.033	7.2969	20.9358	4.5885	18.1997	5.4635	16.1997	9.1024	17.0885	4.9774	15.5747	2.4635	13.7413	4.783	13.6302	8.0885	12.5747	4.908	10.0608	3.2135	9.408	6.2274	10.9774	8.9913	8.9219	6.533	6.0191	6.0052	6.4774	8.7413	9.6163	11.3038	12.908	13.2899	10.9809	16.4288
49_64.txt	F2	64	11.5	16.9896	11.9635	13.0156	5.0781	8.2344	4.3594	5.526	7.1302	6.0365	10.099	8.8906	8.6198	5.4635	9.0156	2.5156	11.4427	4.4219	12.724	8.3698	13.0052	4.2135	14.4219	1.9948	15.7656	4.2865	15.2448	8.7969	16.8594	5.2865	19.1719	3.5052	19.5052	6.4948	17.3906	10.1927	20.3698	7.6198	23.6094	7.1198	22.4427	9.8594	18.7031	12.401	15.474	13.7344	15.276	17.1927
49_65.txt	F2	65	15.8333	15.2188	14.8594	10.9948	20.8073	6.8385	21.1823	3.3281	17.7969	4.3698	15.9219	7.3594	17.2656	3.6927	16.0573	0.7865	13.9427	2.9844	13.6823	6.8594	13.5781	2.9948	11.2344	0.4427	10.0677	3.776	11.3281	7.1198	9.3802	3.724	6.4115	2.6406	6.4844	5.599	9.4531	8.6094	6.3698	6.224	3.1406	6.7969	4.599	9.651	8.4844	10.7865	11.6615	11.9844	11.6823	15.6823
49_66.txt	F2	66	10.0625	14.6771	11.3073	10.6719	5.2135	9.3906	3.8802	6.8385	6.5677	6.526	9.6719	8.526	7.6094	5.7344	7.5469	3.1406	10.2135	4.2656	11.474	7.0885	10.6719	3.9323	11.9531	1.2865	13.9115	3.5885	13.8385	7.0573	15.026	3.6406	17.5052	2.276	18.1094	5.2031	15.8802	8.2344	19.0365	6.5469	21.8906	7.0469	20.7656	9.3698	16.8038	10.3385	14.1649	10.6615	14.9497	14.6198
49_67.txt	F2	67	14.0938	16.2188	14.4219	12.6302	20.1823	11.9115	21.8281	9.8073	19.5573	9.1406	16.474	10.7309	18.8177	8.5469	19.2344	6.0156	16.6823	6.6302	14.8698	9.349	16.2969	6.276	15.8698	3.9635	13.7552	5.3281	13.026	8.6094	12.9531	5.651	11.2031	3.7552	10.1094	5.9896	11.0156	9.1719	8.9115	6.5885	6.4427	5.8698	6.7448	8.4635	9.3594	10.3594	11.1615	11.7656	9.4115	14.6406
49_68.txt	F2	68	16.7917	13.75	15.8281	10.2865	21.3594	7.4948	22.151	5.2135	19.6927	5.4948	17.1823	7.7969	19.0677	5.2656	19.1406	2.8385	17.099	4.0573	15.7656	6.5469	15.9635	3.4323	14.6094	1.1406	13.6094	3.3906	13.7344	6.6927	12.5885	3.9531	10.3698	2.5469	10.2552	5.0573	11.8385	7.3698	9.3594	4.776	6.776	4.1302	7.5052	6.5573	10.1823	8.724	13.026	10.776	12.3906	13.9948
49_69.txt	F2	69	19.1458	16.5521	19.1302	12.2448	24.1094	9.5677	25.401	7.4844	22.6927	7.3385	19.9948	9.8281	21.7344	6.6823	21.5052	4.0677	19.3698	5.7865	18.6615	9.2865	19.0885	5.651	18.0677	3.6094	16.8177	5.5677	17.4219	9.3906	16.6823	5.224	14.776	3.5052	14.3385	5.9948	16.3073	9.7656	14.2135	5.8698	12.2135	5.0781	12.0677	7.0885	15.1927	10.5052	16.3802	11.9427	15.5156	16.0885
49_70.txt	F2	70	12.3333	16.4688	12.6198	11.6823	6.7135	7.7448	6.0156	5.6406	8.3073	5.974	10.8385	8.5156	9.1302	5.599	9.3594	3.2552	11.5781	4.5469	12.6719	7.7969	11.7656	4.6094	12.5156	2.5573	14.2031	4.1615	14.5365	7.4427	15.1615	4.0365	16.8385	2.349	17.5365	4.6094	16.4427	7.8177	17.9219	5.2448	20.1823	4.3698	19.7344	6.849	17.849	8.8906	15.6823	11.5885	16.3281	16.2135
49_71.txt	F2	71	16.3021	13.2083	16.151	10.9948	19.276	9.1719	19.8385	7.7656	18.4219	7.8073	16.8073	8.9844	17.7552	7.5052	17.4948	6.1927	16.4531	6.9531	15.6927	8.4323	16.2656	6.651	15.6198	5.2865	14.6094	6.2656	14.3594	8.1927	14.349	6.2552	13.2865	4.9844	12.6406	6.4844	12.8698	8.1406	12.1094	6.4115	10.8281	5.6094	10.8906	7.2552	11.651	8.3906	12.8281	10.2448	12.349	12.8281
49_72.txt	F2	72	16.0938	14.9479	15.2135	10.9844	19.3385	8.8385	20.099	6.974	17.8906	7.099	16.099	9.0573	17.224	6.6719	16.6719	4.6406	15.224	5.9427	14.5365	8.1615	14.6094	5.9427	13.4427	4.2865	12.474	5.9844	12.9531	8.1823	11.9844	6.0885	10.0573	5.3073	9.8906	7.2135	11.5052	9.349	9.5156	7.7969	7.4115	7.6927	8.1927	9.7344	10.6198	10.5781	12.2135	11.3594	11.474	14.9635
49_73.txt	F2	73	17.7188	14.9688	16.3698	11.3281	22.901	7.8594	23.7656	5.026	20.5052	5.4115	18.224	7.6823	19.7031	4.401	19.1198	1.5156	16.5885	3.474	15.6927	6.8385	15.6719	2.9427	13.8698	0.6927	12.4531	3.3073	13.1719	7.276	11.2031	4.1406	8.1719	2.9219	8.4427	5.9948	10.849	8.599	8.2031	6.8073	4.9844	7.276	6.8177	9.776	9.8802	10.6927	13.1719	11.6406	13.5052	15.6719
49_74.txt	F2	74	16.6771	13.6979	15.4635	11.2448	19.401	11.6615	21.2552	10.4115	19.3906	9.4948	16.5677	10.3594	18.651	8.1927	18.7344	6.0885	16.7969	6.9635	15.349	9.4844	15.9531	6.7552	15.1094	4.8698	13.776	6.6719	13.9427	9.4427	13.4635	6.8281	11.9427	5.3698	11.5365	7.3906	12.7344	9.5781	11.4948	7.2969	9.3698	6.4115	9.8385	8.5365	11.5677	10.2656	12.7031	11.4531	12.8385	14.3385
49_75.txt	F2	75	14.4792	14.9688	13.7031	10.9115	20.7656	9.0052	22.1927	6.651	19.5885	6.2448	15.9219	8.2448	17.5677	4.7865	17.3177	2.2448	15.2135	3.7344	13.7135	7.349	14.1302	3.5677	12.599	1.3281	11.2135	3.6302	11.5469	7.4427	9.8177	4.1719	7.6823	2.9427	7.6406	5.224	9.5885	8.2135	6.9323	5.8281	3.9531	5.4115	5.3177	7.9115	8.401	9.9948	10.974	10.901	9.9635	14.9219
49_76.txt	F2	76	10.4583	13.7708	10.8802	9.8698	6.4219	9.6823	4.6302	8.7969	6.4427	8.0052	9.6667	8.6042	7.1875	6.6979	6.7708	4.4844	8.9896	5.3594	11.2083	7.6198	10.4635	4.3021	11.4115	2.0469	13.1094	4.0312	12.9688	6.9896	13.474	3.8281	15.0052	2.3229	15.8177	4.3854	14.75	6.8073	16.1615	4.6771	18.3698	4.1094	17.9479	6.1458	15.6927	8.026	13.7917	9.6615	14.6562	13.2656
49_77.txt	F2	77	17.6979	12.1771	16.7656	9.4115	20.8698	5.7135	21.1927	3.8281	19.599	4.5156	17.2969	7.2656	18.474	4.3281	18.0573	2.4531	16.724	3.7656	16.1615	6.9115	16.4948	3.1927	15.6198	1.7135	14.8281	3.151	15.026	6.8281	14.3698	3.849	13.4115	2.4427	12.9115	4.2865	13.776	6.9635	11.4948	4.8281	9.2969	4.4531	10.4115	6.099	12.8281	7.9115	14.151	9.7865	13.9427	12.5365
49_78.txt	F2	78	12.6875	15.0104	13.3073	11.276	6.5156	9.9323	4.6927	7.651	7.3073	7.2031	10.8698	8.8073	8.4323	6.0156	8.3385	3.401	10.8906	4.526	12.7865	7.349	11.7031	3.9427	12.7344	1.5156	14.5573	3.3385	15.2656	7.0469	16.401	3.4219	18.5573	1.8177	19.1927	4.3177	17.7865	7.474	19.9948	5.3698	22.8385	4.8906	22.224	7.349	19.2969	9.526	15.974	10.9635	17.1927	14.5677
49_79.txt	F2	79	15.1146	14.1667	14.9427	11.2969	18.9635	9.9323	19.7656	8.1406	17.9531	7.849	15.901	9.4323	17.3906	7.7344	17.3073	5.7656	15.5573	6.7552	14.6823	8.8073	15.4323	7.0156	14.651	5.1719	13.3906	6.599	13.224	8.599	12.9323	6.5365	11.4948	5.1823	10.974	6.901	11.6615	8.8177	10.6823	6.9115	8.6823	6.151	8.776	8.0677	10.3281	9.6615	11.7448	11.4219	11.6615	14.401
49_80.txt	F2	80	14.8229	17.0104	14.349	12.526	19.0885	10.0365	19.901	8.1615	17.9219	7.9844	15.599	9.9844	17.4323	7.5781	17.3906	5.5052	15.3385	6.4948	14.0469	9.5052	14.7656	6.3802	13.7656	4.2865	12.4115	6.151	12.401	8.8698	12.0885	5.7865	10.6094	4.2448	9.974	6.3698	10.8281	9.2969	9.099	6.4427	7.0156	5.7552	7.1615	7.8177	9.474	10.2656	11.224	12.8385	10.901	16.8281
49_81.txt	F2	81	16.0312	15.5208	15.1406	12.276	21.5365	9.849	22.5156	7.901	20.4115	7.5573	17.4635	9.3594	19.5469	6.526	19.349	4.5885	17.3594	5.4427	15.6406	8.3698	16.4948	5.0052	15.6719	2.8802	14.0677	4.6406	13.599	8.0365	13.0052	4.6927	11.474	2.9844	10.7031	5.2656	11.4844	8.3177	9.599	5.9219	7.2031	4.974	7.5677	7.3177	9.9635	9.7448	12.901	12.4219	11.8594	15.7031
49_82.txt	F2	82	15.5104	15.1354	15.1302	10.6406	20.7344	6.901	21.1406	4.4531	18.6927	4.8385	16.6094	7.474	18.2031	4.5469	17.5885	2.026	15.4115	3.5677	14.599	6.8177	15.1927	3.4323	13.724	1.2344	12.1615	3.4219	12.474	6.8802	11.474	3.3802	9.1302	1.9531	8.4219	4.599	10.4427	7.651	8.4531	5.0885	5.6719	4.6615	6.3594	7.2969	8.8802	9.0677	11.3385	10.651	11.1615	14.9427
49_83.txt	F2	83	12.4167	14.3542	13.9427	10.401	8.6406	9.8281	6.474	7.3385	9.3177	6.526	12.0104	8.1198	10.3073	5.6615	10.5365	3.0052	13.026	3.9948	14.0573	6.651	13.9844	4.1302	15.3177	2.2448	17.1719	4.2865	16.7448	7.026	18.2656	4.599	20.4948	3.8802	20.651	6.4635	18.7448	8.4531	20.724	7.2448	23.6198	7.5781	22.2344	10.0573	19.6094	10.7552	16.9219	11.2135	17.0885	14.7031
49_84.txt	F2	84	11.5833	13.9583	11.4844	10.1094	5.9323	8.6927	4.724	6.1198	7.5885	5.8698	10.2865	8.1406	8.474	5.401	8.9115	2.6198	11.1302	4.224	11.9844	7.3906	11.224	4.099	12.5885	1.7969	14.1615	3.9427	13.7656	7.276	14.724	4.4531	17.0156	2.9948	17.4844	5.4635	15.5365	8.1615	18.349	6.4219	20.9219	7.0365	19.3698	9.0885	16.0781	9.8698	15.1719	10.349	16.3177	12.0781
49_86.txt	F2	86	9.8333	15.6458	9.6719	12.1406	4.1719	8.2656	3.526	5.9844	5.9115	6.2865	8.3073	8.5365	7.1094	5.8385	7.5781	3.1094	9.6823	4.8281	10.4219	7.8802	10.0052	4.6615	11.3281	2.7031	12.5885	4.724	12.5573	7.7448	12.901	4.7969	14.3802	2.9844	15.276	5.1302	14.5052	8.2552	16.401	5.6302	18.4323	4.8802	18.276	7.0156	16.349	9.4323	13.5677	12.3177	12.776	15.8906
49_87.txt	F2	87	16.5729	5.9167	17.8177	10.7031	23.0677	12.7865	24.6615	15.7656	21.526	15.4323	19.3906	13.4427	21.0365	15.9323	20.6719	19.1302	18.1615	17.0885	17.3073	14.6198	18.349	17.401	17.4948	19.8906	15.4219	17.901	15.026	14.5885	14.349	17.6406	11.9635	19.599	11.3594	16.6719	12.474	14.0677	10.5573	15.9844	7.3802	16.5885	8.5573	13.7969	10.6406	12.401	13.8698	10.5885	13.3073	6.1406
49_88.txt	F2	88	14.7708	14.1979	14.8802	10.8385	19.8594	10.0677	21.2031	8.1302	18.8594	7.6615	16.3073	8.6302	18.0573	6.3281	18.2865	3.5052	15.651	4.8073	14.2969	7.2448	14.4844	4.5052	12.9635	2.1302	11.599	4.5469	11.8073	7.0469	10.8177	4.7552	8.4427	3.0365	8.2135	5.9844	9.651	8.1615	7.401	6.6302	4.599	6.6719	6.0365	9.474	8.4635	10.2865	10.3594	10.6406	9.8802	13.5052
49_90.txt	F2	90	18.0208	14.0312	17.5781	10.2448	24.6615	8.3906	25.6198	5.2135	22.7656	5.224	20.3906	8.1406	23.1094	5.4427	23.3073	2.8281	20.4219	3.4323	18.3802	6.599	19.1198	2.7552	17.8385	0.2135	15.9427	2.3698	15.8177	5.9323	15.1719	2.1094	13.1406	0.3073	11.9323	2.8594	13.026	6.3698	10.5885	3.5573	7.5885	3.2135	8.1927	6.2135	11.0469	8.2031	14.3177	9.7552	13.099	13.8385
49_91.txt	F2	91	8.7812	11.7604	9.7031	8.7552	5.7656	6.849	5.3281	5.2448	7.099	5.224	8.625	6.7656	7.6198	4.9219	8.0573	3.099	9.6615	4.026	10.2656	6.1146	9.8281	3.9948	10.8073	2.4427	12.0365	3.6094	11.2691	6.033	11.75	3.5469	13.0156	2.6693	13.7396	4.0521	12.8212	6.1719	13.6372	3.9913	14.9149	3.3663	15.3941	4.783	13.9045	6.9184	12.724	7.8976	13.6649	11.3247
49_92.txt	F2	92	12.2812	15.4688	12.6927	11.224	7.1302	8.3594	6.0677	5.7135	8.9844	5.5573	11.8177	8.3385	10.599	4.7656	11.849	2.026	14.0885	4.1615	14.0781	7.8385	14.8385	4.3281	17.5365	2.5469	18.4427	5.5573	16.1823	9.2865	18.9635	6.9635	22.1823	6.7344	21.2031	9.3802	18.0781	10.974	21.224	10.7031	23.8073	12.5573	21.2865	14.3698	17.7031	13.3594	15.651	12.3073	16.276	15.1719
49_93.txt	F2	93	17.5208	15.2708	17.1719	11.6719	23.8594	12.1719	26.1823	9.5156	23.1094	7.9219	19.724	9.2865	22.4531	6.9323	22.5573	3.151	18.9948	4.5156	17.3802	7.4948	18.2448	3.8073	16.4427	0.7448	14.1615	3.651	14.4948	7.2344	13.276	3.724	10.0573	1.8281	9.3906	5.5677	11.6719	8.4375	8.9253	6.4358	5.2448	7.0885	7.4948	10.3802	10.5226	11.0191	13.6059	11.5747	12.4809	14.5781
49_94.txt	F2	94	13.1771	13.1354	13.8073	8.8281	8.2448	8.4531	6.3073	6.5573	8.776	5.7448	11.9427	6.8906	9.5469	4.5573	9.2865	2.1094	11.6719	2.8385	13.6615	5.6927	12.6094	2.7344	13.5573	0.3177	15.224	2.151	15.7135	5.651	16.4635	2.4115	18.4427	0.5677	19.276	3.0573	17.9531	6.0052	20.3698	4.5156	23.0677	4.6094	21.8594	6.724	18.7656	7.8594	16.2344	8.7865	17.4948	12.6094
49_95.txt	F2	95	9.3177	16.8073	9.5156	13.4531	2.5885	10.1302	0.5573	7.1823	3.7656	6.9948	7.2865	9.2448	5.2656	5.474	6.0677	2.651	8.3385	4.4844	9.4948	8.6198	9.7448	4.5156	11.724	2.1615	12.7031	4.8594	11.7448	8.776	13.0469	4.8906	15.4635	3.0469	15.8073	6.0156	13.9531	9.2344	16.4635	6.5885	19.474	5.901	18.7969	8.4219	15.5573	10.8073	12.2344	13.3177	12.3281	16.974
49_96.txt	F2	96	15.9688	14.125	15.2656	10.6823	21.099	9.2969	22.4323	6.9948	19.9115	6.5677	17.3906	8.0052	19.7552	5.349	19.5156	2.8385	16.7344	3.8802	15.4219	6.5573	16.026	3.4948	14.6302	1.401	12.9427	3.5677	13.0781	6.4323	12.3698	3.2344	10.3594	1.6719	9.4531	4.2448	10.849	7.2344	8.8073	4.724	5.9531	4.2656	6.974	7.0573	9.2969	8.6302	12.401	10.8073	11.3177	13.9427
49_97.txt	F2	97	13.2812	13.9896	15.3281	10.6719	20.6198	12.2656	22.5885	11.099	21.0781	9.4531	17.974	9.4219	20.651	8.0885	21.4531	5.8281	19.1302	5.5365	16.7344	7.4427	18.7656	4.9635	18.4427	2.4635	16.1615	3.6302	15.0781	5.9948	15.651	3.1198	14.5156	0.9427	12.6302	3.0052	12.6198	5.776	11.599	2.901	9.5573	1.5573	8.8594	4.026	10.6094	6.7344	12.3177	9.099	9.9115	11.474
49_98.txt	F2	98	16.75	14.5625	15.6615	11.8906	21.1406	5.7031	21.401	3.0677	18.9844	4.3177	16.6094	8.0156	17.6719	3.6094	16.724	1.1302	15.151	3.3073	14.5781	8.0573	12.7969	3.4844	10.5469	1.6615	10.4635	4.4844	12.6094	8.1198	10.2865	3.9323	8.2552	2.6302	8.0156	5.0781	10.9219	9.4427	6.7969	7.2865	4.0052	7.5469	5.7656	9.9219	8.9948	11.0677	12.9844	12.151	13.3906	15.2344
49_99.txt	F2	99	15.1458	15.9271	14.5677	12.0781	18.5469	9.1302	18.6719	7.0365	16.6094	7.526	14.9635	9.9323	15.5677	7.0052	14.3177	5.0469	12.8281	6.8073	13.099	9.7031	12.5677	6.8906	11.1719	5.6719	10.4844	7.5469	11.526	10.2031	9.6615	7.7448	7.5573	7.5573	7.9635	9.5677	10.4427	11.6823	7.3698	10.8594	5.5677	12.0573	7.2865	13.3802	9.776	13.3802	11.5781	13.2031	10.3906	15.7448
49_100.txt	F2	100	9.8229	14.0625	10.474	10.4115	6.4948	8.4219	5.8073	6.9948	7.2031	6.9219	9.0781	8.1719	7.6719	6.526	7.6302	5.0677	9.0052	5.5469	10.2969	7.5677	9.5365	6.026	9.6927	4.6615	11.1719	5.5156	11.7969	7.5052	12.3594	5.5885	13.849	4.1615	14.0885	5.9323	13.3073	7.7865	14.5365	6.4323	16.0677	5.9323	15.9323	7.3281	14.5052	8.8385	13.0365	9.9323	13.4531	13.9531
49_101.txt	F2	101	12.2917	14.1875	12.6823	10.9948	6.1198	8.401	4.9115	6.1823	7.4115	5.8281	10.2708	7.849	8.099	4.8177	8.276	2.6719	10.5365	3.5573	12.4427	6.7344	11.4323	3.2865	12.4219	1.0365	14.276	2.7135	14.6337	6.5781	15.474	3.0365	17.6094	1.4323	18.2865	3.8385	16.9635	6.9427	18.9635	4.401	21.5781	3.9635	21.1823	6.526	18.7309	8.6267	15.5365	10.8906	16.4844	13.8177
49_102.txt	F2	102	15.2604	16.9271	15.776	13.2552	22.6823	13.0469	24.6823	10.6823	21.901	9.526	18.0052	11.0885	21.1719	8.5365	21.4427	5.6927	18.401	6.4844	16.2865	9.5156	17.9844	5.6719	17.0365	2.9115	14.6406	4.7865	13.9948	8.8698	13.901	4.9844	12.0156	2.4844	10.5677	5.401	11.5573	9.1198	9.6094	5.7031	6.3073	5.0052	6.7448	8.1198	9.5365	10.5677	12.1719	12.526	10.6927	15.6927
49_103.txt	F2	103	14.9167	13.6771	14.8177	10.7656	19.5781	9.0052	20.5156	6.901	18.4427	6.526	16.276	8.2552	17.7031	5.8281	17.2865	3.724	15.3281	4.6927	14.401	7.1615	15.1719	4.7344	14.0573	2.8177	12.5885	4.6302	12.7135	7.0365	12.2656	4.6198	10.3802	3.224	9.6198	5.4115	10.7656	7.7969	9.1719	5.5677	6.8906	5.2448	7.151	7.5469	9.474	9.224	11.8177	10.1823	10.3698	13.0365
49_104.txt	F2	104	16.3125	15.2708	16.8698	11.5052	20.3594	8.5052	20.8177	7.3177	19.651	7.474	17.7656	9.2344	18.7344	6.6823	18.276	5.4219	17.224	6.349	16.5712	8.974	17.0573	6.7135	16.5226	5.4497	15.717	6.5677	15.4983	8.8698	15.2899	6.3594	14.3524	5.0747	13.7552	6.4774	14.4253	8.9184	13.1788	6.7622	11.7622	5.9149	11.8941	7.5677	13.2205	9.3733	14.1163	11.1684	13.3767	14.7344
49_105.txt	F2	105	10.7604	14.8333	11.4844	10.6094	6.6823	5.651	6.2552	3.224	8.5677	4.1302	10.651	6.9635	9.6302	3.6406	10.0677	1.2448	11.9948	3.1094	12.7969	6.6094	13.0885	2.9635	14.6406	0.8802	15.526	3.2656	14.901	6.974	16.3906	4.2448	18.5885	2.9948	18.3802	5.3698	16.3698	8.3698	19.0469	6.151	21.7656	5.6719	20.8906	7.8073	17.8802	9.7344	15.099	11.0469	15.1927	15.0885
49_107.txt	F2	107	15.5938	15.9896	15.1302	10.974	21.3906	7.776	21.9323	5.0781	19.1302	5.3906	17.0573	7.4844	18.4531	4.4531	17.7031	1.9323	15.5156	3.7031	14.6302	6.9531	14.8177	3.5677	12.9219	1.3385	11.526	3.9427	12.1406	7.0052	10.7969	4.3073	8.4115	3.0573	8.2969	5.9531	10.2135	8.3698	7.4115	7.0677	4.3177	7.8073	6.8073	10.2969	9.349	10.599	12.7448	11.0885	11.276	15.6823
49_108.txt	F2	108	10.6562	16.2188	11.8385	12.401	5.5052	7.7135	4.2865	5.2552	7.1406	5.6615	10.7135	9.0469	9.651	4.5052	10.2135	1.4115	12.1615	3.9323	12.7865	8.776	13.599	3.599	15.8698	1.3177	16.7031	4.4115	15.0365	8.974	17.5885	5.276	20.4531	3.9844	19.8802	7.3177	16.4635	10.4531	20.4115	8.1094	23.3802	8.474	21.9115	10.8177	17.1719	12.1927	14.2969	12.2969	15.0573	16.3073
49_109.txt	F2	109	18.1042	14.625	17.7448	11.224	23.9427	13.6719	26.1406	12.8073	24.6823	10.8281	20.8385	9.974	24.474	7.9115	25.1406	5.9531	22.6615	5.849	19.4323	8.0885	21.1094	4.5781	20.849	2.1615	18.6302	3.8281	17.4427	7.0365	17.1823	3.1615	15.6823	1.2448	14.5885	3.526	15.1094	7.1615	13.0885	4.0885	10.8594	3.0573	10.7969	5.4844	13.0781	8.349	15.349	10.3698	14.2031	13.8073
49_110.txt	F2	110	16.5938	12.8438	15.5469	10.3698	20.6198	8.4531	21.2656	6.4323	18.9844	6.4427	16.5573	8.4948	18.6927	6.2031	18.7969	3.974	16.7031	5.0885	15.4219	7.849	16.6198	5.1927	15.8698	2.901	14.1302	4.5469	13.6823	7.5885	13.2656	4.6198	11.6198	2.9844	10.8698	5.1823	12.0365	7.8385	10.2865	5.5156	8.3594	4.6823	8.6198	7.1719	10.7656	8.7969	12.4115	10.776	12.5885	14.0052
49_111.txt	F2	111	3.4479	6.8958	6.0052	10.7865	1.026	15.3594	0.5781	17.6198	2.5052	16.6615	4.9323	13.9219	4.599	16.7865	5.2448	19.0365	6.651	17.1094	6.888	14.0938	6.9635	17.2066	8.026	19.3837	9.0469	17.1615	8.7865	14.1589	9.974	16.5781	11.7552	18.5052	11.7552	15.875	10.4635	13.3698	12.3976	15.0191	14.974	15.7483	13.7726	13.6094	11.6753	11.8906	8.4115	9.6372	6.7587	5.026
49_112.txt	F2	112	17.7812	14.1146	16.7656	10.8906	21.776	6.599	21.8802	4.0677	19.6406	4.974	17.9948	7.5781	18.7656	4.2969	17.7031	1.8073	15.776	3.849	15.6302	6.9844	15.0781	3.8906	13.2031	1.9635	12.3073	4.6406	13.1198	7.349	10.901	5.026	8.3594	4.5885	9.2969	7.5677	11.8281	9.4219	8.8698	8.0885	6.0573	8.3802	7.8594	10.724	10.8073	11.1719	13.6927	11.1823	13.9115	14.4219
49_113.txt	F2	113	14.2917	14.4167	13.901	10.8698	18.5365	9.7344	19.5052	7.8281	17.7552	7.7344	15.5885	9.2969	17.1198	7.2969	16.8177	5.2135	15.151	6.1927	14.2344	8.4115	15.2552	5.9115	14.6927	4.026	13.0365	5.2969	12.6302	8.0573	12.4115	5.2865	10.901	3.901	10.0365	5.6615	11.026	8.4115	9.8177	5.9427	8.0573	5.1094	7.9427	7.0781	9.8281	9.0781	11.5469	10.5781	10.6615	14.4635
49_114.txt	F2	114	17.6562	17.8854	17.224	14.4323	22.6094	11.4948	22.4844	9.0573	19.9844	9.7135	18.4948	11.6094	19.8177	9.2344	19.099	7.0469	16.849	8.4219	16.349	11.151	16.0156	8.2865	14.026	6.5156	13.0156	8.9115	14.0573	11.6094	12.3073	9.2552	9.4844	8.9219	10.2135	11.5677	12.6406	13.2865	9.8177	12.2135	7.2865	13.2344	9.5677	15.4115	11.9948	15.3281	14.5677	14.8906	13.5365	17.7344
49_115.txt	F2	115	17.8021	14.2708	16.0052	11.349	20.6823	8.5677	21.2344	6.3594	18.849	6.4115	16.7135	8.9115	17.9323	5.5677	17.224	3.3906	15.4219	5.0156	14.9219	8.4948	15.0052	5.1406	13.3698	3.5052	12.401	5.6094	13.2969	8.6198	11.7031	5.9948	9.4635	5.2448	9.6719	7.7344	11.8802	9.7448	9.8767	7.8351	7.349	7.651	8.151	9.7031	11.0052	11.1545	13.6927	12.1545	13.2622	15.5885
49_116.txt	F2	116	17.6458	11.5729	16.6615	8.776	21.8177	8.5781	23.4323	6.5156	21.0677	5.3385	18.0052	6.9427	20.2448	4.3281	20.0156	1.8698	17.276	2.5781	15.9948	5.1719	16.2135	2.526	14.6198	0.2135	12.776	2.4115	13.3385	5.3906	11.7656	2.7865	9.1302	2.0781	9.0677	4.6823	11.1927	6.849	8.974	5.7865	5.8906	6.6823	7.7344	9.1302	10.2344	9.3906	12.8802	9.6406	13.8073	12.474
49_118.txt	F2	118	17.625	16.25	16.8906	11.3281	24.2344	9.401	25.6198	7.1302	23.0781	6.599	19.3177	8.4844	21.8177	4.776	21.8073	2.2135	18.9115	3.6927	16.9115	7.4427	17.2969	3.1615	15.8177	0.4948	14.2031	3.2552	14.3698	7.474	12.2656	3.8073	9.3802	2.3698	9.6719	5.5885	11.974	8.7135	8.5781	7.1823	5.1927	7.599	7.1719	10.2135	10.599	11.0469	14.0469	11.6406	12.9219	16.0885
49_119.txt	F2	119	8.7708	15.3333	11.1615	11.5885	16.526	15.151	19.7448	14.3906	17.6719	12.2031	14.2517	11.6892	18.5156	11.3385	19.9948	9.8177	17.9219	8.474	14.4705	9.0156	17.3073	7.1719	17.776	5.0677	15.6094	5.1719	13.3177	6.8438	14.8281	4.2865	14.651	1.7969	12.3177	3.0365	10.9479	5.6979	11.0573	2.7135	9.7031	0.3281	8.3385	2.849	8.5156	6.0052	9.5885	9.474	5.474	12.0573
49_120.txt	F2	120	15.9479	16.6562	15.1823	12.5885	21.776	8.1094	22.0781	5.1406	18.9635	5.6094	16.651	8.9323	18.3073	4.8802	17.026	1.7135	14.7135	4.1198	14.2135	8.2865	14.276	4.3177	12.0156	1.8802	10.7552	4.974	11.8281	8.6094	9.7552	4.5365	6.8906	3.8281	6.8698	6.2969	9.7552	9.8385	6.4115	6.7969	3.599	6.8802	4.4323	9.6094	8.0781	11.3177	11.6719	12.9531	11.7865	17.0365
49_121.txt	F2	121	14.3542	18.6875	13.5781	12.9427	17.2031	6.5677	16.7656	3.9531	14.6406	5.6094	13.401	10.0573	13.7656	5.6719	12.3177	3.4427	11.1094	5.9635	11.5781	10.151	9.5156	6.1198	6.849	4.6094	7.026	7.4844	9.2552	10.6719	5.5573	8.4219	2.5885	8.5052	4.2865	11.0469	8.099	12.8073	3.9219	12.6615	1.2552	14.2344	4.2865	15.6823	7.9635	15.1406	10.4531	14.1198	9.901	18.6198
49_122.txt	F2	122	15.9167	12.7812	14.6302	10.2865	19.776	7.0469	20.3177	5.1406	18.3177	5.5469	15.7552	7.9635	17.4531	4.9219	17.3177	2.849	15.6615	4.3177	14.3281	7.4948	14.3385	3.8698	12.9635	2.1302	12.0156	3.9323	12.6094	7.1719	11.4948	4.2135	9.6615	3.0677	9.3802	5.2135	10.9948	7.9531	8.474	6.3177	6.2031	6.3385	7.224	8.2344	10.0469	9.2969	11.9219	10.0469	11.0156	12.4427
49_123.txt	F2	123	24.0729	14.3333	22.224	9.9844	26.6615	4.8385	26.6094	2.4427	24.1719	3.3281	22.6719	6.6094	22.9948	2.3281	21.9115	0.1615	20.9323	2.1927	20.7865	6.5573	20.1198	2.0885	17.8177	0.4635	16.9531	3.0469	18.3594	6.7969	15.3906	3.151	12.599	3.1198	13.3698	6.2865	16.4323	8.6302	12.8802	7.151	9.7865	8.2865	12.1198	10.5365	15.8177	11.0469	18.5677	11.0781	20.026	14.6198
49_124.txt	F2	124	17.2917	18.0833	16.4844	14.7865	24.2552	13.724	25.9948	11.1198	23.0573	10.1406	19.4531	12.2969	22.2135	9.7135	22.599	6.4531	19.3698	7.224	17.5729	10.1875	19.0677	6.5052	18.0052	3.4948	15.3594	5.8385	14.776	9.8177	14.3073	6.2552	12.0677	3.9323	10.8177	7.1927	11.9818	10.2344	10.3594	7.2448	7.4219	5.6094	7.2031	9.349	9.9948	11.8385	13.0052	14.599	12.5573	18.3906
49_125.txt	F2	125	11.6771	15.3646	13.9219	11.474	8.3698	7.9531	7.974	5.099	11.0469	5.1719	13.0469	8.0365	12.4427	5.1615	14.0573	2.2135	16.1615	4.7969	15.7865	8.224	16.9531	4.6823	19.9115	3.6719	20.4115	6.4531	17.9149	9.3385	20.8594	7.1406	23.599	7.8385	22.4323	10.4427	19.0677	11.526	21.8281	11.2448	24.5573	13.724	21.4115	15.2344	18.849	14.1719	16.5781	12.8073	15.9531	16.8177
49_127.txt	F2	127	12.7604	17.7083	13.1406	13.6615	6.1823	9.8177	5.4948	6.5469	8.7448	6.7969	11.6406	10.3073	9.8802	6.6094	11.2135	4.0469	13.0469	5.6094	14.0365	9.5052	13.7031	5.1615	15.4427	2.7448	17.276	5.1823	16.4948	9.7031	18.2135	6.2969	21.4844	5.0573	21.6198	8.3177	18.8976	10.8559	21.8594	8.6458	25.224	9.099	23.8438	12.1406	20.1198	13.0677	16.2969	14.5469	16.4323	17.9427
49_128.txt	F2	128	16.6771	14.9688	15.1094	11.0781	21.9323	6.1406	22.1615	2.8281	18.6927	3.6615	16.6198	7.224	18.1094	3.5885	16.8906	0.5365	14.2448	2.7448	13.901	6.8385	13.1927	2.4219	10.4427	0.4427	9.2552	3.4427	11.2031	7.4115	8.599	3.7969	5.401	3.5365	5.9844	6.6198	9.2969	9.1927	5.3281	7.3385	1.8698	8.6198	4.2656	11.3698	8.5469	11.9427	12.4635	11.9323	11.6094	15.1719
49_129.txt	F2	129	7.6667	12.1146	9.0677	9.3906	5.4219	7.0677	5.1094	5.3073	7.026	5.3073	8.8906	7.6823	7.6302	5.2135	8.0573	3.4323	9.6094	4.4219	10.2552	7.0156	10.474	4.4219	12.0885	3.0365	12.7552	4.9219	11.7969	7.1615	12.7344	5.0156	14.4844	4.3073	14.6823	5.9323	12.8906	8.224	15.0365	6.776	17.099	7.2344	16.2448	8.7031	13.75	9.2812	12.0156	9.9479	11.6684	13.3976
49_130.txt	F2	130	11.2188	15.3229	11.5781	12.2031	7.5365	11.9844	6.0469	10.2448	8.0781	9.5573	10.4375	10.7135	8.8073	8.724	8.9635	6.6198	11.1302	7.4115	12.0573	9.5365	11.8802	7.1406	13.3906	5.599	14.526	7.4323	13.7865	9.5781	14.7031	7.7031	16.9427	7.0885	16.9844	9.1823	15.4497	10.6788	17.4635	9.342	19.4219	9.8142	18.5955	11.7101	16.3594	12.0434	14.6441	11.9184	15.6198	14.526
49_131.txt	F2	131	13.875	14.4583	13.9531	11.0052	7.901	10.724	5.401	7.6198	8.9427	6.9115	11.526	8.4583	9.1615	6.5156	8.6719	3.4115	11.776	4.0469	13.6719	6.9427	12.2135	3.5573	13.2031	0.9635	15.6198	2.6927	16.0885	6.401	16.1198	2.6719	18.3073	0.7135	19.7135	3.2448	18.7448	6.4531	20.349	3.9427	23.3281	2.9323	23.2969	6.1198	20.7031	8.3281	18.0156	10.5885	18.3385	14.099
49_132.txt	F2	132	18.0938	12.9062	17.1719	8.5052	21.6823	5.151	21.8177	2.6406	19.5885	3.1823	18.2031	5.349	19.2031	2.9323	18.3073	0.7969	16.3073	2.276	15.8698	4.9948	15.7969	2.151	14.3385	0.4531	12.9427	2.5469	13.6198	5.1302	12.5052	2.8594	10.0156	2.0677	10.0781	4.5573	11.7656	6.3802	9.5469	4.8073	6.9635	5.4115	8.3385	7.6927	10.4844	8.3698	13.0781	9.3385	13.1615	13.5677
49_133.txt	F2	133	14.3646	14.4896	12.3802	10.2135	7.3698	10.3594	5.1302	8.724	7.4427	7.8698	10.3281	8.8594	7.5365	7.6406	6.2448	5.4948	8.5885	5.3802	11.4323	7.7969	8.651	5.474	8.401	2.9844	10.8177	3.9219	12.6719	6.6927	11.5052	3.2656	12.6302	0.9115	14.026	2.8698	14.4323	6.3906	14.8073	3.1823	16.3281	1.474	16.8177	3.6094	16.1562	5.8854	15.1615	8.9531	17.7865	12.1927
49_134.txt	F2	134	10.4896	15.8229	10.5885	11.5885	4.3281	8.5885	3.2448	5.9427	6.099	6.4323	8.7448	8.6615	6.9323	5.2031	7.0573	2.7135	9.1198	3.9844	10.7969	7.3073	10.6406	3.9635	11.9323	1.901	13.1198	3.9115	13.2552	7.4531	14.724	3.8698	16.849	2.5677	17.1927	4.8073	15.5677	8.401	18.6719	6.026	21.0573	6.2031	20.1719	8.2448	16.8177	9.9844	13.8594	11.4531	14.526	15.4427
49_135.txt	F2	135	10.4062	16.5938	11.2031	12.849	6.849	9.3177	6.5781	7.2969	8.599	7.6198	10.2552	9.974	8.9427	7.3177	9.651	5.3177	11.3281	6.3281	12.0781	8.8698	11.9531	6.3177	13.2448	4.7552	14.4948	6.3906	14.2135	9.026	14.974	6.5677	17.0677	5.849	17.474	7.6615	15.8906	10.0677	17.849	8.6302	20.0677	8.8385	19.3073	10.4844	17.0365	11.6406	14.5052	12.8698	15.6927	15.9531
49_137.txt	F2	137	19.0104	12.7292	18.0365	8.349	22.4844	4.1406	22.651	1.6094	20.1094	2.4427	18.2656	5.7135	18.8594	2.151	17.776	0.0052	16.276	1.9115	16.0677	5.5677	14.6823	1.8594	12.5052	0.4323	11.974	3.0677	13.9531	6.3698	11.099	4.0781	8.3698	3.901	9.4323	6.1823	12.7135	8.1198	9.276	6.901	6.5052	8.151	8.8385	9.7552	12.0677	10.0677	14.599	10.2865	14.8177	13.4531
49_138.txt	F2	138	15.2812	20.2396	15.526	15.8906	23.099	14.6719	25.3281	12.0885	21.974	11.3906	18.4531	13.0469	21.7031	9.4219	21.8073	6.4531	18.6927	7.3594	16.6302	10.5365	17.5885	6.5156	16.4531	4.026	14.0677	5.8906	13.5885	10.6719	11.9531	6.849	9.4427	5.1094	8.8594	8.2969	11.2448	12.0573	8.1719	8.8177	5.0677	8.3385	5.526	11.2865	9.1615	13.8385	12.4635	15.2344	10.8281	19.2135
49_140.txt	F2	140	15.3542	13.4375	12.349	12.0052	7.4427	14.349	4.724	14.2135	6.5469	12.1927	9.901	11.5469	6.776	12.0469	4.7552	11.2552	6.526	9.8698	9.8142	9.9635	8.0312	8.776	6.5885	6.6094	9.026	7.4375	10.1875	8.3047	8.0781	6.4531	7.6198	4.9531	9.4375	5.3698	10.6302	6.8802	9.2812	4.8333	9.349	2.6458	11.1667	4.1146	12.1458	6.6771	13.1406	8.7969	16.4635	9.2031
49_141.txt	F2	141	11.1979	14.9271	12.3594	11.099	6.1406	8.2135	4.6927	5.5677	7.5885	5.599	10.0885	7.4219	8.5781	4.5469	9.1198	1.7865	11.3073	3.2135	12.5781	6.4427	12.5052	2.8906	13.9427	0.7031	15.2656	3.0885	15.0677	6.4531	15.8906	3.3385	18.2448	1.7135	18.7448	4.3698	17.2344	7.4219	19.1719	5.0885	22.0052	4.1198	21.5573	7.1406	19.2135	9.0156	16.0156	10.6198	15.849	15.4531
49_142.txt	F2	142	13.2604	13.4583	13.6302	10.3906	19.4948	7.9115	19.9948	5.2552	17.2552	5.474	15.125	7.776	17.1302	5.026	16.5052	2.3594	14.1406	3.6615	13.1302	6.9635	13.5885	3.4844	11.724	1.4219	10.2552	3.9427	11.0469	6.8906	10.0469	3.9844	7.3594	2.6406	7.0885	5.526	9.1719	8.0052	6.7135	6.1094	3.6615	6.3802	5.0469	8.9844	8.2656	9.849	10.1927	10.2344	8.7552	12.2135
49_143.txt	F2	143	15.8125	15.7292	15.7031	12.3281	21.3698	10.401	22.2656	8.1094	19.724	7.9115	17.7448	9.4531	19.599	7.349	19.4531	4.9323	17.1094	5.7969	15.8802	8.3281	16.7552	5.4948	15.776	3.2865	13.8385	4.8073	13.4948	7.9844	12.901	5.0156	10.901	3.5365	10.1094	5.8073	11.0573	8.3385	9.224	6.1094	6.8073	5.7344	6.9219	8.151	9.4427	9.901	11.9531	11.6302	11.401	15.3281
49_144.txt	F2	144	15.6458	15.3854	15.0885	11.9948	20.224	5.2344	19.8906	2.8906	17.5469	3.7031	15.9635	7.5885	16.401	4.0781	15.0156	1.5781	13.4844	4.0573	13.7344	7.5365	12.9948	3.776	10.9115	2.0677	10.2865	4.6615	11.651	7.8802	10.099	4.8698	7.5365	3.2865	7.5781	6.4531	9.4948	8.9219	6.7448	6.8177	3.7552	6.7031	5.3385	9.5469	8.5156	10.974	12.026	12.474	12.0885	15.849
49_145.txt	F2	145	13.7396	16.3854	13.4948	12.3281	19.9531	10.7969	21.224	8.1823	18.5156	7.6823	15.7135	9.5052	18.1198	6.4948	18.026	4.0885	15.2656	4.8073	13.7934	7.7205	14.8177	4.4635	13.4219	1.9948	11.2865	4.0677	11.1094	7.3073	10.099	4.0469	7.5677	2.526	6.6823	5.4427	8.5469	8.2865	5.9219	5.9427	2.8073	6.1198	3.8594	8.8073	6.901	10.4844	10.0573	11.7552	9.026	16.0156
49_146.txt	F2	146	11.4375	13.9583	12.8698	10.1198	6.1198	6.5573	5.2865	3.8906	8.2448	4.026	11.401	6.5885	9.6615	2.7969	10.4427	0.1406	12.8594	1.974	14.0469	6.1615	14.5156	2.599	16.4427	0.401	17.4427	2.8906	16.4531	6.4323	18.5052	3.4115	21.2865	2.3281	21.0156	5.1094	18.3594	8.1302	21.474	6.6302	24.8177	6.8385	23.1823	9.3906	19.3177	10.2448	16.0469	10.4948	16.0781	14.651
49_147.txt	F2	147	11.5521	16.2396	12.0156	12.151	5.9323	12.3906	3.1302	10.4219	5.8906	8.776	9.901	9.8385	6.8802	7.2552	6.3385	4.401	9.4219	5.0885	11.9115	8.2969	10.3906	4.5781	11.099	1.9427	13.526	3.6094	14.2656	7.5781	14.8698	3.4635	17.0885	1.6615	18.3802	4.224	16.8802	7.9844	19.0052	5.2552	22.0365	4.6302	21.5365	7.5573	18.3073	9.7969	15.0156	12.2552	15.5156	16.1719
49_148.txt	F2	148	14.2917	12.6042	13.3073	8.8698	9.724	7.1302	9.0156	5.1198	10.6615	5.224	12.7031	7.7865	10.651	6.2135	10.5156	4.5052	12.526	4.7865	13.9844	6.7135	13.3698	4.5677	13.9844	2.599	15.1198	4.0885	15.6198	6.401	15.6823	4.0156	16.8594	2.526	17.6823	4.2344	17.0781	6.349	18.349	4.4427	20.0573	3.9115	20.1198	5.4844	18.3385	7.099	17.3906	8.6094	18.0365	11.9219
49_149.txt	F2	149	17.1562	15.3958	15.8281	11.1927	23.474	8.1198	24.7552	5.7448	21.7552	5.6927	18.1615	8.1302	20.4115	4.224	20.0052	1.0781	17.724	2.974	16.2656	7.0573	16.349	2.9635	14.4219	-0.0052	13.0052	3.1823	13.7656	7.6615	12.5365	3.0677	9.9531	0.9219	9.6198	4.0885	10.974	7.1823	8.8073	4.4948	5.9219	3.5677	6.526	6.349	9.8906	9.0573	13.1302	10.8177	11.8385	15.1823
49_150.txt	F2	150	18.4688	11.1354	16.1198	8.4427	20.6406	5.1094	20.5781	2.6094	18.0677	3.401	16.6823	5.9635	17.4323	3.5052	16.026	1.1927	14.3698	3.026	14.5469	5.8802	13.776	3.0781	11.5052	1.7344	11.1615	4.1823	12.7969	7.1406	9.849	5.6198	7.2552	6.2552	8.8698	8.724	11.5156	9.2552	8.6823	9.4115	6.7135	11.5156	9.0885	12.6406	11.9557	11.2109	13.6094	10.5469	14.5052	13.1823
49_151.txt	F2	151	9.8854	13.2917	11.8281	10.401	5.651	6.7969	5.276	3.4115	8.4531	3.901	10.8802	7.2344	9.7448	3.901	11.3906	0.4948	13.6927	3.1094	13.6927	6.6927	14.6302	2.9427	17.3385	1.276	18.3594	4.3281	16.9323	7.151	18.7969	5.151	22.1719	4.901	21.6823	7.7969	18.3073	10.0885	21.6406	9.5365	24.5781	11.4635	21.7552	13.4948	18.3906	13.2135	14.5052	12.0052	13.6094	15.2552
49_152.txt	F2	152	11	15.1458	12.3385	11.8073	7.6302	7.7969	6.9531	5.3177	9.7344	6.1302	11.3594	8.474	10.0885	5.6719	10.6615	3.0573	12.5781	4.9531	13.2656	7.9635	13.4427	4.901	15.1198	2.9948	16.0365	5.276	15.2135	8.276	16.2865	5.3802	18.4531	3.8802	18.7344	6.5781	16.8698	9.3281	19.401	7.1927	21.974	6.9219	21.099	9.401	18.0885	10.849	14.7969	12.3177	14.8802	15.8281
49_153.txt	F2	153	12.4375	16.7083	13.3177	13.2865	5.599	10.8698	4.0156	7.974	7.4219	7.6198	10.6198	10.026	8.7552	7.1719	8.5365	3.5573	11.7656	5.6302	13.0677	8.5573	12.9427	4.7135	14.6406	2.0156	16.2969	4.724	15.9948	8.6094	18.0781	5.4844	21.1927	4.4531	20.8906	7.4844	18.5573	10.1823	21.2344	8.2969	24.276	8.3698	23.0781	11.0885	19.033	12.7899	15.8802	13.658	16.2622	16.7483
49_154.txt	F2	154	7.9896	12.4583	9.0573	9.1198	5.7552	8.5052	4.4635	7.3698	6.026	6.8594	8.5156	7.849	7.2448	5.6927	7.2656	3.9427	8.6823	4.8906	9.7969	7.099	9.6302	4.7135	10.4844	3.1823	11.3281	4.7135	11.3177	7.4635	12.401	5.5156	14.099	4.5052	13.8594	6.3073	12.6146	7.9271	14.2552	6.5156	16.1302	6.4635	15.151	8.0156	13.0885	9.0885	12.2031	9.5156	12.4323	13.0365
49_155.txt	F2	155	16.6771	18.3854	17.0573	13.849	24.6615	11.1094	25.7448	7.8281	22.1823	8.4844	19.4948	10.8281	21.901	8.7031	23.0156	4.5885	19.0365	6.5469	17.4219	9.401	18.4323	5.599	16.8802	1.8802	14.5677	5.3698	14.651	8.8073	13.5885	5.0573	10.5469	2.5573	10.1823	6.5052	11.9531	9.6406	9.2969	6.7448	5.6094	6.224	7.2344	9.6719	10.1927	11.6198	13.6094	13.5573	11.849	17.0677
49_156.txt	F2	156	13.9583	14.1771	13.651	10.6823	8.0052	10.401	6.3073	8.5885	8.4427	7.5781	10.9323	8.6823	8.5677	7.0677	8.2135	4.8594	10.5781	4.9427	12.2969	6.7969	11.1198	4.8073	11.9219	2.2865	13.9219	3.6927	14.4115	5.9844	14.2135	3.7344	15.2656	1.9323	16.6719	3.599	16.4531	6.1615	17.1198	3.901	19.276	2.6927	20.0365	5.0885	18.349	7.0781	15.724	9.9948	17.9323	12.651
49_157.txt	F2	157	15.2188	14.8229	14.1823	10.5677	19.1823	7.3177	19.599	5.1615	17.5677	5.4531	15.6094	7.2865	16.8073	4.9427	16.0365	2.8906	14.3177	4.3073	13.4635	7.099	13.7865	4.4844	12.4531	2.3281	11.3698	4.5469	11.4531	6.8385	10.2448	4.724	8.1823	3.6927	7.9844	6.0365	9.5469	7.9844	7.3906	6.8698	5.0052	6.901	6.3385	8.974	8.4635	9.651	11.901	11.3698	12.474	15.6094
49_158.txt	F2	158	18.3125	12.3854	16.7865	9.0573	20.4844	4.4948	20.224	2.276	18.1094	3.4219	17.1198	5.9288	17.7344	3.1545	16.6927	1.1476	15.2552	3.0226	15.3594	5.6858	15.1719	2.7552	13.276	0.783	12.3733	3.2622	13.1163	6.0122	11.3837	3.6719	8.9462	2.9844	9.1128	5.408	11.717	7.7378	8.9427	5.5816	6.4983	5.7622	7.6997	8.0816	10.9184	9.4253	13.2969	10.7031	14.526	13.776
49_159.txt	F2	159	12.6146	15.2708	12.599	11.9219	7.349	8.6406	6.599	6.4427	8.901	6.3281	11.349	8.5781	9.8906	5.974	10.3906	3.3594	12.6927	4.901	13.3385	8.1198	13.2656	4.776	14.9635	2.776	16.1198	4.9844	15.2656	8.1406	16.2031	5.6198	18.4844	4.4635	18.7552	7.099	16.8906	9.276	19.3594	7.3594	21.7448	7.6719	20.8594	9.6719	17.4792	10.6615	15.4062	11.3281	16.4531	14.7865
49_160.txt	F2	160	20.0417	17.2396	18.2656	13.4219	24.4948	9.4219	25.0781	6.0677	21.6927	6.9427	19.5885	9.974	21.2656	6.2656	20.2865	3.3073	17.8281	5.4427	17.2135	9.5781	16.8385	5.3073	14.4219	2.8594	13.2448	6.0677	14.7656	10.0365	12.7656	6.5469	9.4635	5.4948	9.8385	8.7865	12.5469	11.5052	9.2031	10.0365	5.651	10.8698	8.3281	13.5677	11.8177	13.9323	14.7865	13.8594	15.9219	18.3177
49_161.txt	F2	161	18.3438	14.0312	18.3073	10.5469	23.776	7.2448	24.224	4.2969	21.151	5.0156	19.0469	7.4323	20.1198	4.1198	18.9531	1.349	16.849	3.5781	16.6406	7.1302	16.2031	3.4219	13.8906	1.4323	13.151	4.3177	14.4635	7.5052	12.2865	4.5156	9.2656	3.8698	9.9115	6.8698	12.526	9.2135	9.401	8.0573	6.6094	8.8594	8.7448	11.1198	12.6094	11.4219	14.4219	11.5052	14.6198	14.276
49_162.txt	F2	162	12.3021	15	12.224	12.3698	7.2865	12.5365	5.6094	11.0677	7.5365	10.0365	10.4427	10.974	7.8281	9.3385	7.4635	7.1615	9.6719	7.3906	11.3594	9.3281	10.1823	7.2448	10.8802	5.0469	12.7031	6.3281	13.1823	9.026	13.3177	6.4844	15.0677	4.8177	15.9948	6.8906	14.849	9.5885	16.5781	7.2969	18.849	6.9531	18.4219	9.2865	15.8906	10.6198	14.7969	11.4219	16.5781	12.776
49_164.txt	F2	164	17.7292	12.9271	15.1719	10.776	20.0156	6.2344	19.9531	3.526	17.4531	4.6094	15.8698	7.0885	16.8385	4.0781	15.849	1.1302	13.3073	3.474	13.1302	6.6823	11.8698	3.2656	9.4635	2.151	8.8698	4.6719	10.901	7.8906	8.7448	5.2135	5.7448	4.8281	6.3281	7.724	9.0885	9.7865	5.9219	8.9844	2.9635	10.0781	5.2865	12.3073	8.599	12.3906	12.4844	12.2135	12.6927	15.6406
49_165.txt	F2	165	14.3229	15.6354	13.8281	11.9635	20.1719	9.026	20.8906	6.4219	18.349	6.599	15.7969	8.9427	18.0885	5.8385	17.6198	3.099	15.1823	4.3073	13.7031	7.776	14.4635	4.224	12.8385	1.9531	11.1406	4.2344	11.4219	7.6198	10.3073	4.4635	7.8906	3.1615	7.5156	5.6719	9.276	8.651	6.9219	6.0573	4.1719	5.5573	4.7865	8.4323	7.8177	10.3906	10.4948	11.849	9.9844	15.5052
49_167.txt	F2	167	16.3125	16.3542	15.6719	11.9635	21.6823	12.0365	24.0052	10.7552	21.5156	9.526	18.224	10.0156	21.0781	7.5052	21.5573	4.776	18.9219	5.526	16.7344	8.3073	17.6094	5.2135	17.0156	2.0052	14.9115	4.4635	14.349	7.9323	13.4844	4.4115	11.1406	2.3698	10.599	5.1719	11.6823	8.2448	9.7969	6.4427	6.599	5.8177	8.0781	8.5885	10.7865	10.3073	12.599	11.401	11.1615	15.7865
49_168.txt	F2	168	15.2188	15.2917	15.1094	11.0781	21.0365	8.7031	21.6406	6.2865	18.8802	6.599	16.6406	8.9219	18.526	5.8802	18.1302	3.2031	15.724	4.651	14.6719	7.849	15.4531	4.8073	14.0885	2.0156	12.3281	4.474	12.4115	7.776	11.7656	4.4323	9.6615	2.599	9.0156	5.3073	10.3385	8.2448	8.526	5.4635	5.776	4.6927	6.1719	7.3385	8.4948	9.5885	11.5781	12.099	11.2448	15.3698
49_169.txt	F2	169	12.1667	13.9375	15.151	11.9115	19.5781	17.1302	23.349	17.2969	22.0885	14.3177	18.8177	12.7448	22.3177	13.4427	25.3177	11.599	22.2552	9.7656	19.0365	10.224	22.5677	9.1302	24.1406	6.349	20.9635	6.0469	18.1823	8.1302	20.8594	5.7969	21.3906	2.8698	18.224	3.5885	16.2969	6.4635	17.1615	3.0885	15.9427	0.0052	14.026	2.7448	14.0781	5.8802	13.974	9.3906	10.4635	10.0052
49_170.txt	F2	170	17.2917	19.3646	16.5365	14.8177	22.9844	16.6823	26.0781	15.3073	23.099	13.1823	19.974	13.4635	22.7656	11.0365	23.5052	7.7448	20.3281	8.8073	18.1198	11.526	19.526	8.0052	18.7969	4.9948	16.3281	7.1615	15.5469	10.8594	15.5677	7.026	13.651	4.5365	12.2344	7.3385	13.1615	11.0885	10.3906	7.9635	7.1823	7.5469	8.099	10.6406	11.2656	12.8802	14.1927	14.7656	12.9427	18.7031
49_172.txt	F2	172	14.9167	15.5625	14.6406	11.8594	21.0052	11.8906	23.0677	9.9635	20.3594	8.8385	17.1719	9.8177	19.7969	7.3281	19.9219	4.3698	17.1615	5.2448	15.3385	8.2969	16.6302	5.0365	15.7969	2.3177	13.724	4.1094	13.1198	7.6406	12.9323	4.1302	11.276	1.8698	9.8177	4.5365	10.7552	8.0885	8.7656	5.1823	6.0052	4.151	6.4115	7.1406	8.8385	9.2656	11.2135	11.5573	10.651	14.9531
49_173.txt	F2	173	17.8021	12.6979	17.9531	10.5469	21.151	10.5781	22.3802	9.1719	20.7969	8.4115	18.7344	9.276	20.4948	8.0469	20.6615	6.151	18.901	6.3698	17.6823	8.2135	18.3906	6.151	17.5365	4.401	16.0885	5.7031	16.1615	7.8281	15.8073	6.0052	14.4844	4.9844	13.8802	6.5573	14.7865	8.3385	13.3594	6.5052	11.6094	6.401	11.849	8.2448	13.7656	9.4323	14.9427	10.1198	14.1823	12.0052
49_174.txt	F2	174	9.2812	15.3229	10.1927	11.9427	4.1302	11.2135	2.4219	8.8594	5.0469	8.026	7.974	9.5052	5.8906	7.7031	5.5781	4.651	8.1927	5.349	10.026	8.2656	9.026	5.6719	10.0885	2.5365	12.1823	5.0156	12.3385	7.9635	12.6615	4.599	14.6094	2.7865	15.6823	5.1302	14.2969	8.599	16.5156	5.9219	19.3177	5.651	18.901	8.1094	16.0677	10.2031	13.5365	11.349	14.349	15.1198
49_175.txt	F2	175	7.5938	14.7083	8.901	11.4219	3.599	7.8073	3.1094	5.9948	4.724	6.1823	7.849	8.5365	6.7448	5.0469	7.5677	2.9219	9.1719	4.4948	9.7865	8.1615	9.5052	4.7135	10.5052	2.974	11.599	4.6927	11.4219	8.2135	11.7552	4.7031	13.1927	3.2031	14.0365	5.0781	13.1927	8.2865	15.2865	5.776	17.4948	5.3177	17.2448	7.2031	14.5295	9.5885	12.5295	11.7274	11.6406	15.8385
49_176.txt	F2	176	12.6562	13.8646	13.1302	10.2865	7.901	6.2865	7.4844	3.6094	10.2031	4.1927	11.8906	6.3594	10.9531	3.9427	11.8385	1.526	13.8906	3.276	14.3698	6.0885	14.3594	3.1719	16.0365	1.349	17.3073	3.6094	16.3385	6.4948	17.401	3.8594	19.599	2.6927	19.9635	5.026	18.1719	7.2969	20.2656	4.9948	22.776	4.7031	22.4635	7.0677	19.7448	8.974	16.9219	10.3802	17.224	13.9531
49_177.txt	F2	177	10.8438	14.9375	11.0052	11.6198	7.2552	8.8177	7.3802	6.7135	9.2656	7.2552	10.724	9.6406	9.4323	7.0365	10.3385	4.9323	12.026	6.2448	12.4844	9.1719	12.6302	6.276	14.2969	4.8698	15.1719	6.7656	14.3698	9.3594	15.7031	7.3385	17.901	6.6823	17.8281	8.8385	15.8177	10.7552	17.7344	9.3073	19.9531	9.849	18.9531	11.526	16.4219	12.2448	14.2552	12.526	14.4531	15.1615
49_178.txt	F2	178	11.6771	15.2917	11.6302	11.5052	5.276	11.8073	3.0781	10.3594	5.2865	8.6406	8.9219	9.3177	6.2344	7.276	5.5677	4.5052	8.526	5.151	10.6406	7.724	9.0469	4.7865	9.5365	1.9427	11.7135	3.5781	12.7448	6.8802	12.4531	3.4531	14.0677	1.276	15.2656	3.6406	14.974	7.0156	15.9844	3.8802	18.2656	2.3281	18.901	4.8385	17.0885	7.8698	14.9115	11.1927	15.5573	14.7031
49_179.txt	F2	179	16.625	15.7396	15.9427	11.6615	21.3906	11.8385	23.599	9.7969	20.5885	8.8698	18.0156	9.6823	20.474	7.6198	20.9635	4.6615	18.1198	5.2969	16.1615	7.849	17.1615	4.9531	16.276	2.0885	14.1719	4.2865	13.7031	7.2031	12.9635	3.6927	10.901	1.9427	10.224	4.724	11.4948	7.9115	9.3802	5.4948	6.6302	4.7969	7.3906	7.6823	9.7031	9.5677	12.2031	10.9635	11.5677	15.6302
49_180.txt	F2	180	15.4375	14.7292	14.8906	11.349	20.6615	8.2135	21.3802	5.8385	19.0677	6.151	16.2969	8.9948	18.4948	6.1615	18.349	3.4219	15.8802	4.9323	14.6927	8.2135	15.1719	4.2031	13.526	1.9427	12.4427	4.2656	12.8177	7.9427	12.1302	4.276	9.9115	2.5573	9.2448	5.0885	10.8802	8.4635	8.099	5.974	5.3281	5.4531	6.1823	7.8802	9.5365	10.0365	12.0573	11.2969	11.6719	14.7865
49_181.txt	F2	181	13	16.3646	12.099	13.7344	17.1094	11.1198	18.3802	8.7135	15.8385	9.224	13.6719	10.974	15.0365	8.3385	15.099	5.776	13.0885	7.224	11.9219	9.8802	11.9844	6.5781	10.8073	4.8802	9.7656	6.7552	9.849	9.8281	8.776	6.901	7.0469	5.7552	6.6302	7.9635	7.9844	10.9115	5.349	8.849	3.026	8.5885	4.0885	10.7552	6.3906	12.2552	8.9427	13.5052	8.8073	16.4948
49_182.txt	F2	182	14.625	16.3333	16.2656	12.9635	23.9844	11.026	25.8385	8.651	22.8594	8.349	18.7031	10.1823	22.3073	6.9948	22.6615	4.2135	19.8281	4.9427	16.7552	8.4323	17.6094	4.1302	16.3698	1.3281	14.6198	3.7031	14.1615	7.9844	13.2344	3.2031	11.1927	1.0365	10.1302	3.9635	11.6198	8.5365	9.1823	5.0156	6.276	3.6094	6.651	6.4844	9.8177	10.1927	12.3802	12.1198	10.9323	14.6823
49_183.txt	F2	183	16.7396	17.0625	16.6615	13.5469	21.776	11.9948	23.2344	9.3802	20.3906	9.2344	17.9323	11.0573	19.7448	8.2865	19.3177	5.7552	17.5365	6.9635	16.2656	9.849	16.8073	7.0677	15.3177	4.6719	13.7552	7.0156	14.0781	9.9635	13.1094	6.8073	10.8906	5.4115	10.4635	8.1927	12.026	10.7448	9.5052	9.0885	6.7031	9.6823	8.4948	11.849	11.1198	12.8177	13.3698	13.9844	12.9323	17.0052
49_184.txt	F2	184	13.9167	16.8229	13.474	12.5885	19.8802	9.0469	20.401	6.1094	17.2969	6.8281	15.1406	9.4948	16.8594	6.3073	16.3594	3.3802	13.7031	4.8802	12.8177	8.7865	12.8594	5.0469	11.1927	2.5677	9.6823	5.1615	10.6198	8.8594	8.7865	5.5156	5.7448	4.1302	5.8594	7.4427	8.4115	10.1406	5.3073	8.1198	1.8802	8.5885	3.8802	11.474	7.349	12.3698	10.8073	12.9219	9.6094	16.6927
49_185.txt	F2	185	13.3229	13.9062	13.8906	10.3906	7.724	7.026	6.7552	4.599	9.2448	5.0885	12.4323	7.8177	10.4635	4.3073	10.5573	1.6927	12.5573	3.3177	14.3073	6.9115	14.0573	2.9323	15.3385	0.224	16.4948	2.8802	16.2448	7.0156	17.4635	2.7031	19.3698	1.0469	19.8802	3.401	18.1094	7.526	20.9948	5.1719	23.6406	4.6302	22.9323	6.5156	19.2865	9.0365	16.7969	10.0469	17.7656	13.6198
49_186.txt	F2	186	15.5938	18.4792	16.0052	15.0052	20.724	12.2552	21.4531	9.9219	18.9844	10.1302	16.5052	12.8594	17.8802	10.026	17.1927	7.1927	15.1927	9.0781	14.776	12.099	14.7656	9.2865	13.1302	6.724	11.9323	9.5156	12.6823	12.5573	10.849	9.6719	8.026	8.5677	8.5052	11.3281	10.8698	13.2656	7.9635	11.3802	5.1615	12.2448	7.1406	14.1302	9.974	14.7344	12.0781	15.1302	11.6302	17.9427
49_187.txt	F2	187	15.7188	17.3229	16.1615	13.526	23.7344	10.526	24.9115	7.5677	21.776	7.9219	18.651	10.4115	21.2031	7.1719	21.7969	4.2969	18.8906	5.3177	16.5677	9.151	18.1927	4.8281	17.5573	2.4323	15.3906	4.099	14.3906	8.4531	13.7865	4.0885	12.0156	1.8698	10.7969	4.5781	11.8073	8.5781	9.4323	5.224	6.2552	4.0156	6.651	7.1094	9.7552	9.9323	12.6302	12.9115	10.9531	15.776
49_188.txt	F2	188	16.1875	13.125	14.3802	9.3385	20.3073	5.9844	20.8698	3.1615	18.0781	3.7031	15.6094	6.1823	16.401	2.8073	15.2031	0.0677	13.276	2.2031	12.8385	5.9219	12.2135	2.526	10.1094	0.4115	9.3073	3.2865	10.2031	6.4948	7.8281	3.9323	4.8281	3.4427	5.3594	6.0469	8.1406	8.4635	4.8073	7.3385	1.9635	8.3594	4.0677	10.651	7.5156	11.1302	11.1094	10.8385	11.3385	14.4948
49_189.txt	F2	189	18.5833	10.9167	14.1823	9.5469	11.7969	14.3802	9.6823	15.651	9.6406	13.4115	11.7344	10.7344	9.2969	12.1302	6.6198	11.599	8.0885	9.724	10.8073	8.9115	7.7344	8.9115	6.0469	7.4948	7.9844	6.5156	10.9115	6.8698	7.9323	5.6198	6.8073	3.3177	9.3073	3.2135	11.526	4.4427	9.8385	2.8385	9.5052	0.4635	11.8698	1.3177	13.5052	3.5365	15.2135	6.3385	19.5885	8.0052
49_190.txt	F2	190	12.8438	13.75	11.9844	11.0365	5.6198	12.776	2.8177	11.5156	5.1302	9.8594	9.1198	9.901	5.5052	9.151	3.9948	7.5156	6.2135	6.6094	10.1719	8.1198	7.4531	5.4844	7.0052	2.7865	9.6406	3.4323	11.9323	6.6302	10.5781	3.0156	11.5573	0.0052	13.6615	2.349	14.151	5.9427	15.0573	2.5885	17.5677	0.724	17.9844	3.5469	16.5573	6.3698	14.4427	9.3906	16.7865	11.5677
49_191.txt	F2	191	10.875	13.4688	13.151	10.3906	16.901	11.4844	18.9531	10.6719	17.0781	9.6094	15.1719	9.3385	17.4323	8.3906	18.2656	6.5677	16.401	6.7135	14.3385	7.8281	15.5781	6.151	15.9323	4.3177	14.1615	4.974	12.849	6.8177	13.6198	4.3906	12.9531	2.2031	11.5156	3.8906	11.099	5.974	10.474	3.7448	8.8802	2.276	8.2656	4.2865	9.099	6.276	10.0781	8.5052	7.8073	11.4219
49_192.txt	F2	192	20.2396	14.5104	18.8073	11.2969	24.8594	7.5677	25.1615	4.9427	22.3073	5.276	20.1406	7.8802	20.9427	5.3281	19.9948	2.1927	17.7448	4.4427	17.4948	6.9948	17.4635	3.8802	15.4948	1.6823	14.1615	4.1927	14.7135	7.1823	13.0052	4.2656	9.9844	3.6615	10.1823	6.5469	12.5885	8.9948	9.974	7.6094	6.9531	8.4115	8.6198	10.8385	11.4948	11.5573	15.2031	12.0677	14.9323	15.1406
49_194.txt	F2	194	16	15.7917	15.6198	11.8385	21.4115	8.0677	22.099	5.5885	19.724	6.0573	17.026	8.5781	18.7865	5.0156	18.0052	2.4427	15.9115	4.0677	15.1302	7.7865	15.4531	3.7344	14.0156	1.526	12.6302	3.8698	13.0052	7.776	11.7656	4.4427	9.5156	2.8177	9.2969	5.6406	11.0677	8.5365	8.6198	6.0677	6.2552	5.5677	6.8698	8.0365	9.8281	10.0677	12.6094	11.9844	11.8802	15.4844
49_195.txt	F2	195	10.8438	15.8438	12.7552	12.151	7.1094	6.7656	7.0365	4.8073	9.0052	4.9635	12.2135	9.349	11.4323	5.0469	12.4219	2.2031	14.224	4.5573	14.4323	8.8906	15.3594	4.3385	17.1719	2.4219	18.2552	4.8802	16.3177	9.4531	18.5573	5.7135	20.9635	4.4531	20.9323	7.3802	17.6719	11.0052	21.6406	9.3281	24.349	9.8594	23.0156	11.5469	18.7344	12.7969	15.901	13.599	15.0885	17.0781
49_196.txt	F2	196	15.6771	16.7292	15.3802	12.8698	22.224	13.2552	24.8698	11.0573	21.8594	9.6302	18.2344	10.526	21.026	8.099	21.7135	4.7344	18.4427	5.7135	16.3698	8.8073	17.474	5.1719	16.0469	2.026	13.901	4.6823	13.7344	8.099	13.1823	4.2448	10.5885	2.3177	9.7135	5.4115	11.2969	8.5469	9.0156	5.9219	6.026	5.349	6.6823	8.2552	9.9948	10.6094	12.776	12.1302	11.1615	15.8802
49_197.txt	F2	197	17.3438	17.2917	17.224	12.8073	22.2552	10.0156	22.8802	7.526	20.5781	7.4635	18.151	9.6198	19.2969	7.6406	18.5156	4.7552	16.5781	6.6302	16.0469	8.9427	15.5573	6.2031	13.9531	4.3594	12.9323	6.6615	13.8177	9.3802	12.4635	6.7344	9.7448	6.1615	9.974	8.6406	11.9635	10.5469	9.474	9.2031	7.276	10.0885	8.9427	12.099	10.7969	12.4948	13.9635	13.1615	12.8281	16.8281
49_198.txt	F2	198	17.6042	17.2917	17.5469	13.3385	23.4844	11.901	25.3385	8.8177	21.9219	8.6198	19.5052	10.3073	21.2031	7.6094	20.724	4.2031	17.9948	6.0781	16.8281	9.3906	17.2865	6.1615	15.6406	3.224	13.8906	6.1615	14.2865	9.276	13.151	6.0469	10.6823	4.9219	10.1823	7.651	11.901	10.3177	9.6823	8.3385	6.1823	8.1302	8.3698	11.5573	10.599	12.474	13.2865	13.6615	12.9323	17.3385
49_199.txt	F2	199	12.7865	15.276	13.276	11.4531	7.5885	8.3177	6.599	5.7656	9.151	5.9427	11.401	8.1406	9.9844	5.5365	10.3802	3.0469	12.5052	4.5052	13.526	7.5052	13.4219	4.6406	15.099	2.4844	16.3177	4.724	15.7865	7.5469	16.9844	4.724	19.4115	3.5573	19.5781	6.3073	17.6771	8.8281	19.8073	7.2552	23.1094	7.3594	21.1719	9.9635	18.974	10.7448	15.7969	11.776	16.849	14.974
49_200.txt	F2	200	10.5938	14.3646	11.9531	11.6927	7.6719	7.7031	7.3073	5.2552	9.7344	6.2135	11.2552	8.6198	10.4635	5.7969	11.5677	3.3073	13.526	5.4219	13.5573	8.4115	13.9427	5.2552	16.0156	3.4219	16.9219	6.151	15.5781	9.0365	17.0052	6.3906	19.4427	5.5156	19.4844	8.0052	17.3073	10.3177	19.724	8.9115	22.2865	9.4948	20.8698	11.5469	17.7526	12.2786	15.276	12.3698	15.1615	15.276
